reaction_handle,catalyst_id,imine_id,thiol_id,product_id,selectivity_ee_percent,selectivity_ddGact_kcal\,Avg ee R,Avg ee S,React hndl,Plt 1: R ee,Plt 1:  S ee,Plate 2: R ee,Plt 2: R ee,Plt 3: R ee,Plt 3: S ee,Diff of avg.
1_i_1_A,1_i,1,A,1_A,76,1.180363548,88,12,1_i_1_A,89,11,87,13,88,12,76
1_i_1_B,1_i,1,B,1_B,40,0.50195963,70,30,1_i_1_B,70,30,70,30,70,30,40
1_i_1_C,1_i,1,C,1_C,50,0.650844341,75,25,1_i_1_C,77,23,73,27,75,25,50
1_i_1_D,1_i,1,D,1_D,78,1.238605308,89,11,1_i_1_D,90,10,88,12,89,11,78
1_i_1_E,1_i,1,E,1_E,80,1.301688683,90,10,1_i_1_E,91,10,90,11,90,10,80
1_i_2_A,1_i,2,A,2_A,76,1.180363548,88,12,1_i_2_A,90,10,86,14,88,12,76
1_i_2_B,1_i,2,B,2_B,40,0.50195963,70,30,1_i_2_B,70,30,70,30,70,30,40
1_i_2_C,1_i,2,C,2_C,54,0.715832618,77,23,1_i_2_C,78,22,76,24,77,23,54
1_i_2_D,1_i,2,D,2_D,74,1.126173688,87,13,1_i_2_D,88,12,86,14,87,13,74
1_i_2_E,1_i,2,E,2_E,78,1.238605308,89,11,1_i_2_E,88,12,90,10,89,11,78
1_i_3_A,1_i,3,A,3_A,74,1.126173688,87,13,1_i_3_A,87,13,87,13,87,13,74
1_i_3_B,1_i,3,B,3_B,38,0.474009916,69,31,1_i_3_B,70,30,68,32,69,31,38
1_i_3_C,1_i,3,C,3_C,48,0.619656928,74,26,1_i_3_C,73,27,75,25,74,26,48
1_i_3_D,1_i,3,D,3_D,74,1.126173688,87,13,1_i_3_D,88,12,86,14,87,13,74
1_i_3_E,1_i,3,E,3_E,74,1.126173688,87,13,1_i_3_E,85,15,89,11,87,13,74
1_i_4_A,1_i,4,A,4_A,78,1.238605308,89,11,1_i_4_A,88,12,90,10,89,11,78
1_i_4_B,1_i,4,B,4_B,20,0.240207281,60,40,1_i_4_B,61,40,60,41,60,40,20
1_i_4_C,1_i,4,C,4_C,44,0.559521771,72,28,1_i_4_C,73,28,72,29,72,28,44
1_i_4_D,1_i,4,D,4_D,72,1.075421434,86,14,1_i_4_D,84,16,88,12,86,14,72
1_i_4_E,1_i,4,E,4_E,74,1.126173688,87,13,1_i_4_E,85,15,89,11,87,13,74
1_i_5_A,1_i,5,A,5_A,76,1.180363548,88,12,1_i_5_A,89,11,87,13,88,12,76
1_i_5_B,1_i,5,B,5_B,32,0.392951447,66,34,1_i_5_B,67,34,66,35,66,34,32
1_i_5_C,1_i,5,C,5_C,44,0.559521771,72,28,1_i_5_C,74,26,70,30,72,28,44
1_i_5_D,1_i,5,D,5_D,80,1.301688683,90,10,1_i_5_D,91,9,89,11,90,10,80
1_i_5_E,1_i,5,E,5_E,70,1.027619382,85,15,1_i_5_E,86,15,85,16,85,15,70
144_i_1_A,144_i,1,A,1_A,86,1.532416977,93,7,144_i_1_A,94,6,92,8,93,7,86
144_i_1_B,144_i,1,B,1_B,68,0.982374193,84,16,144_i_1_B,84,16,84,16,84,16,68
144_i_1_C,144_i,1,C,1_C,72,1.075421434,86,14,144_i_1_C,88,12,84,16,86,14,72
144_i_1_D,144_i,1,D,1_D,82,1.370652975,91,9,144_i_1_D,92,8,90,10,91,9,82
144_i_1_E,144_i,1,E,1_E,88,1.630075694,94,6,144_i_1_E,95,6,94,7,94,6,88
144_i_2_A,144_i,2,A,2_A,84,1.446905122,92,8,144_i_2_A,94,6,90,10,92,8,84
144_i_2_B,144_i,2,B,2_B,72,1.075421434,86,14,144_i_2_B,86,14,86,14,86,14,72
144_i_2_C,144_i,2,C,2_C,60,0.82127412,80,20,144_i_2_C,81,19,79,21,80,20,60
144_i_2_D,144_i,2,D,2_D,82,1.370652975,91,9,144_i_2_D,92,8,90,10,91,9,82
144_i_2_E,144_i,2,E,2_E,84,1.446905122,92,8,144_i_2_E,91,9,93,7,92,8,84
144_i_3_A,144_i,3,A,3_A,78,1.238605308,89,11,144_i_3_A,89,11,89,11,89,11,78
144_i_3_B,144_i,3,B,3_B,60,0.82127412,80,20,144_i_3_B,81,19,79,21,80,20,60
144_i_3_C,144_i,3,C,3_C,64,0.898320721,82,18,144_i_3_C,81,19,83,17,82,18,64
144_i_3_D,144_i,3,D,3_D,86,1.532416977,93,7,144_i_3_D,94,6,92,8,93,7,86
144_i_3_E,144_i,3,E,3_E,88,1.630075694,94,6,144_i_3_E,92,8,96,4,94,6,88
144_i_4_A,144_i,4,A,4_A,90,1.744356465,95,5,144_i_4_A,94,6,96,4,95,5,90
144_i_4_B,144_i,4,B,4_B,62,0.859020901,81,19,144_i_4_B,82,19,81,20,81,19,62
144_i_4_C,144_i,4,C,4_C,70,1.027619382,85,15,144_i_4_C,86,15,85,16,85,15,70
144_i_4_D,144_i,4,D,4_D,82,1.370652975,91,9,144_i_4_D,89,11,93,7,91,9,82
144_i_4_E,144_i,4,E,4_E,84,1.446905122,92,8,144_i_4_E,90,10,94,6,92,8,84
144_i_5_A,144_i,5,A,5_A,88,1.630075694,94,6,144_i_5_A,95,5,93,7,94,6,88
144_i_5_B,144_i,5,B,5_B,60,0.82127412,80,20,144_i_5_B,81,20,80,21,80,20,60
144_i_5_C,144_i,5,C,5_C,64,0.898320721,82,18,144_i_5_C,84,16,80,20,82,18,64
144_i_5_D,144_i,5,D,5_D,84,1.446905122,92,8,144_i_5_D,93,7,91,9,92,8,84
144_i_5_E,144_i,5,E,5_E,86,1.532416977,93,7,144_i_5_E,94,6,92,8,93,7,86
145_i_1_A,145_i,1,A,1_A,90,1.744970984,95,5,145_i_1_A,94,6,96,4,95,5,90
145_i_1_B,145_i,1,B,1_B,78,1.239041656,89,11,145_i_1_B,90,10,88,12,89,11,78
145_i_1_C,145_i,1,C,1_C,70,1.027981402,85,15,145_i_1_C,83,17,87,13,85,15,70
145_i_1_D,145_i,1,D,1_D,94,2.060049943,97,3,145_i_1_D,96,4,98,2,97,3,94
145_i_1_E,145_i,1,E,1_E,94,2.060049943,97,3,145_i_1_E,98,3,97,4,97,3,94
145_i_2_A,145_i,2,A,2_A,86,1.532956832,93,7,145_i_2_A,94,7,93,8,93,7,86
145_i_2_B,145_i,2,B,2_B,76,1.180779378,88,12,145_i_2_B,86,14,90,10,88,12,76
145_i_2_C,145_i,2,C,2_C,84,1.447414852,92,8,145_i_2_C,90,10,94,6,92,8,84
145_i_2_D,145_i,2,D,2_D,96,2.306420185,98,2,145_i_2_D,99,1,97,3,98,2,96
145_i_2_E,145_i,2,E,2_E,88,1.630649953,94,6,145_i_2_E,95,6,94,7,94,6,88
145_i_3_A,145_i,3,A,3_A,82,1.371135842,91,9,145_i_3_A,93,7,89,11,91,9,82
145_i_3_B,145_i,3,B,3_B,60,0.821563446,80,20,145_i_3_B,81,19,79,21,80,20,60
145_i_3_C,145_i,3,C,3_C,82,1.371135842,91,9,145_i_3_C,92,9,91,10,91,9,82
145_i_3_D,145_i,3,D,3_D,84,1.447414852,92,8,145_i_3_D,93,7,91,9,92,8,84
145_i_3_E,145_i,3,E,3_E,80,1.302147255,90,10,145_i_3_E,90,10,90,10,90,10,80
145_i_4_A,145_i,4,A,4_A,90,1.744970984,95,5,145_i_4_A,93,7,97,3,95,5,90
145_i_4_B,145_i,4,B,4_B,56,0.75007535,78,22,145_i_4_B,77,23,79,21,78,22,56
145_i_4_C,145_i,4,C,4_C,72,1.075800294,86,14,145_i_4_C,87,14,86,15,86,14,72
145_i_4_D,145_i,4,D,4_D,92,1.883418797,96,4,145_i_4_D,97,4,96,5,96,4,92
145_i_4_E,145_i,4,E,4_E,94,2.060049943,97,3,145_i_4_E,95,5,99,1,97,3,94
145_i_5_A,145_i,5,A,5_A,90,1.744970984,95,5,145_i_5_A,93,7,97,3,95,5,90
145_i_5_B,145_i,5,B,5_B,70,1.027981402,85,15,145_i_5_B,86,14,84,16,85,15,70
145_i_5_C,145_i,5,C,5_C,86,1.532956832,93,7,145_i_5_C,94,7,93,8,93,7,86
145_i_5_D,145_i,5,D,5_D,92,1.883418797,96,4,145_i_5_D,98,2,94,6,96,4,92
145_i_5_E,145_i,5,E,5_E,92,1.883418797,96,4,145_i_5_E,97,3,95,5,96,4,92
147_i_1_A,147_i,1,A,1_A,99,3.136985821,99.5,0.5,147_i_1_A,100,0,99,1,100,1,99
147_i_1_B,147_i,1,B,1_B,90,1.744970984,95,5,147_i_1_B,96,4,94,6,95,5,90
147_i_1_C,147_i,1,C,1_C,92,1.883418797,96,4,147_i_1_C,96,4,96,4,96,4,92
147_i_1_D,147_i,1,D,1_D,99,3.136985821,99.5,0.5,147_i_1_D,100,1,100,1,100,1,99
147_i_1_E,147_i,1,E,1_E,99,3.136985821,99.5,0.5,147_i_1_E,100,1,100,1,100,1,99
147_i_2_A,147_i,2,A,2_A,94,2.060049943,97,3,147_i_2_A,98,2,96,4,97,3,94
147_i_2_B,147_i,2,B,2_B,86,1.532956832,93,7,147_i_2_B,94,7,93,8,93,7,86
147_i_2_C,147_i,2,C,2_C,86,1.532956832,93,7,147_i_2_C,95,5,91,9,93,7,86
147_i_2_D,147_i,2,D,2_D,90,1.744970984,95,5,147_i_2_D,96,4,94,6,95,5,90
147_i_2_E,147_i,2,E,2_E,94,2.060049943,97,3,147_i_2_E,98,3,97,4,97,3,94
147_i_3_A,147_i,3,A,3_A,99,3.136985821,99.5,0.5,147_i_3_A,100,1,100,1,100,1,99
147_i_3_B,147_i,3,B,3_B,88,1.630649953,94,6,147_i_3_B,93,7,95,5,94,6,88
147_i_3_C,147_i,3,C,3_C,90,1.744970984,95,5,147_i_3_C,96,5,95,6,95,5,90
147_i_3_D,147_i,3,D,3_D,94,2.060049943,97,3,147_i_3_D,99,1,95,5,97,3,94
147_i_3_E,147_i,3,E,3_E,96,2.306420185,98,2,147_i_3_E,99,1,97,3,98,2,96
147_i_4_A,147_i,4,A,4_A,98,2.723218536,99,1,147_i_4_A,100,1,99,2,99,1,98
147_i_4_B,147_i,4,B,4_B,80,1.302147255,90,10,147_i_4_B,91,10,90,11,90,10,80
147_i_4_C,147_i,4,C,4_C,90,1.744970984,95,5,147_i_4_C,93,7,97,3,95,5,90
147_i_4_D,147_i,4,D,4_D,99,3.136985821,99.5,0.5,147_i_4_D,98,3,100,1,100,1,99
147_i_4_E,147_i,4,E,4_E,96,2.306420185,98,2,147_i_4_E,99,1,97,3,98,2,96
147_i_5_A,147_i,5,A,5_A,96,2.306420185,98,2,147_i_5_A,99,2,98,3,98,2,96
147_i_5_B,147_i,5,B,5_B,80,1.302147255,90,10,147_i_5_B,92,8,88,12,90,10,80
147_i_5_C,147_i,5,C,5_C,90,1.744970984,95,5,147_i_5_C,96,4,94,6,95,5,90
147_i_5_D,147_i,5,D,5_D,99,3.136985821,99.5,0.5,147_i_5_D,100,1,100,1,100,1,99
147_i_5_E,147_i,5,E,5_E,96,2.306420185,98,2,147_i_5_E,97,3,99,1,98,2,96
157_i_1_A,157_i,1,A,1_A,76,1.180363548,88,12,157_i_1_A,89,11,87,13,88,12,76
157_i_1_B,157_i,1,B,1_B,52,0.682875064,76,24,157_i_1_B,74,26,78,22,76,24,52
157_i_1_C,157_i,1,C,1_C,52,0.682875064,76,24,157_i_1_C,75,25,77,23,76,24,52
157_i_1_D,157_i,1,D,1_D,82,1.370652975,91,9,157_i_1_D,92,9,91,10,91,9,82
157_i_1_E,157_i,1,E,1_E,74,1.126173688,87,13,157_i_1_E,88,13,87,14,87,13,74
157_i_2_A,157_i,2,A,2_A,82,1.370652975,91,9,157_i_2_A,89,11,93,7,91,9,82
157_i_2_B,157_i,2,B,2_B,36,0.446552544,68,32,157_i_2_B,66,34,70,30,68,32,36
157_i_2_C,157_i,2,C,2_C,36,0.446552544,68,32,157_i_2_C,69,31,67,33,68,32,36
157_i_2_D,157_i,2,D,2_D,82,1.370652975,91,9,157_i_2_D,92,9,91,10,91,9,82
157_i_2_E,157_i,2,E,2_E,80,1.301688683,90,10,157_i_2_E,92,8,88,12,90,10,80
157_i_3_A,157_i,3,A,3_A,82,1.370652975,91,9,157_i_3_A,92,8,90,10,91,9,82
157_i_3_B,157_i,3,B,3_B,32,0.392951447,66,34,157_i_3_B,67,34,66,35,66,34,32
157_i_3_C,157_i,3,C,3_C,42,0.530447043,71,29,157_i_3_C,72,28,70,30,71,29,42
157_i_3_D,157_i,3,D,3_D,80,1.301688683,90,10,157_i_3_D,90,10,90,10,90,10,80
157_i_3_E,157_i,3,E,3_E,74,1.126173688,87,13,157_i_3_E,85,15,89,11,87,13,74
157_i_4_A,157_i,4,A,4_A,80,1.301688683,90,10,157_i_4_A,89,11,91,9,90,10,80
157_i_4_B,157_i,4,B,4_B,34,0.41954586,67,33,157_i_4_B,68,33,67,34,67,33,34
157_i_4_C,157_i,4,C,4_C,44,0.559521771,72,28,157_i_4_C,73,28,72,29,72,28,44
157_i_4_D,157_i,4,D,4_D,76,1.180363548,88,12,157_i_4_D,86,14,90,10,88,12,76
157_i_4_E,157_i,4,E,4_E,74,1.126173688,87,13,157_i_4_E,85,15,89,11,87,13,74
157_i_5_A,157_i,5,A,5_A,72,1.075421434,86,14,157_i_5_A,87,13,85,15,86,14,72
157_i_5_B,157_i,5,B,5_B,26,0.31529804,63,37,157_i_5_B,64,37,63,38,63,37,26
157_i_5_C,157_i,5,C,5_C,42,0.530447043,71,29,157_i_5_C,73,27,69,31,71,29,42
157_i_5_D,157_i,5,D,5_D,72,1.075421434,86,14,157_i_5_D,87,14,86,15,86,14,72
157_i_5_E,157_i,5,E,5_E,72,1.075421434,86,14,157_i_5_E,84,16,88,12,86,14,72
166_i_1_A,166_i,1,A,1_A,99,3.136985821,99.5,0.5,166_i_1_A,100,1,100,1,100,1,99
166_i_1_B,166_i,1,B,1_B,92,1.883418797,96,4,166_i_1_B,97,3,95,5,96,4,92
166_i_1_C,166_i,1,C,1_C,86,1.532956832,93,7,166_i_1_C,94,7,93,8,93,7,86
166_i_1_D,166_i,1,D,1_D,94,2.060049943,97,3,166_i_1_D,99,1,95,5,97,3,94
166_i_1_E,166_i,1,E,1_E,96,2.30642018,98,2,166_i_1_E,99,1,97,3,98,2,96
166_i_2_A,166_i,2,A,2_A,99,3.136985821,99.5,0.5,166_i_2_A,100,1,100,1,100,1,99
166_i_2_B,166_i,2,B,2_B,86,1.532956832,93,7,166_i_2_B,92,8,94,6,93,7,86
166_i_2_C,166_i,2,C,2_C,96,2.306420185,98,2,166_i_2_C,99,1,97,3,98,2,96
166_i_2_D,166_i,2,D,2_D,99,3.136985821,99.5,0.5,166_i_2_D,100,1,100,1,100,1,99
166_i_2_E,166_i,2,E,2_E,94,2.306420185,97,3,166_i_2_E,96,4,98,2,97,3,94
166_i_3_A,166_i,3,A,3_A,94,2.060049943,97,3,166_i_3_A,98,3,97,4,97,3,94
166_i_3_B,166_i,3,B,3_B,88,1.630649953,94,6,166_i_3_B,95,6,94,7,94,6,88
166_i_3_C,166_i,3,C,3_C,90,1.744970984,95,5,166_i_3_C,93,7,97,3,95,5,90
166_i_3_D,166_i,3,D,3_D,99,3.136985821,99.5,0.5,166_i_3_D,100,1,100,1,100,1,99
166_i_3_E,166_i,3,E,3_E,99,3.136985821,99.5,0.5,166_i_3_E,100,1,100,1,100,1,99
166_i_4_A,166_i,4,A,4_A,99,3.136985821,99.5,0.5,166_i_4_A,100,0,99,1,100,1,99
166_i_4_B,166_i,4,B,4_B,80,1.302147255,90,10,166_i_4_B,92,8,88,12,90,10,80
166_i_4_C,166_i,4,C,4_C,90,1.744970984,95,5,166_i_4_C,96,4,94,6,95,5,90
166_i_4_D,166_i,4,D,4_D,99,3.136985821,99.5,0.5,166_i_4_D,100,0,99,1,100,1,99
166_i_4_E,166_i,4,E,4_E,99,3.136985821,99.5,0.5,166_i_4_E,100,1,100,1,100,1,99
166_i_5_A,166_i,5,A,5_A,99,3.136985821,99.5,0.5,166_i_5_A,100,1,100,1,100,1,99
166_i_5_B,166_i,5,B,5_B,76,1.44741485,88,12,166_i_5_B,86,14,90,10,88,12,76
166_i_5_C,166_i,5,C,5_C,94,2.060049943,97,3,166_i_5_C,96,4,98,2,97,3,94
166_i_5_D,166_i,5,D,5_D,99,3.136985821,99.5,0.5,166_i_5_D,100,0,99,1,100,1,99
166_i_5_E,166_i,5,E,5_E,99,3.136985821,99.5,0.5,166_i_5_E,100,0,99,1,100,1,99
181_i_1_A,181_i,1,A,1_A,68,0.982374193,84,16,181_i_1_A,82,18,86,14,84,16,68
181_i_1_B,181_i,1,B,1_B,46,0.589238334,73,27,181_i_1_B,71,29,75,25,73,27,46
181_i_1_C,181_i,1,C,1_C,44,0.559521771,72,28,181_i_1_C,73,27,71,29,72,28,44
181_i_1_D,181_i,1,D,1_D,76,1.180363548,88,12,181_i_1_D,89,12,88,13,88,12,76
181_i_1_E,181_i,1,E,1_E,72,1.075421434,86,14,181_i_1_E,88,12,84,16,86,14,72
181_i_2_A,181_i,2,A,2_A,74,1.126173688,87,13,181_i_2_A,90,10,84,16,87,13,74
181_i_2_B,181_i,2,B,2_B,42,0.530447043,71,29,181_i_2_B,72,29,71,30,71,29,42
181_i_2_C,181_i,2,C,2_C,46,0.589238334,73,27,181_i_2_C,74,27,73,28,73,27,46
181_i_2_D,181_i,2,D,2_D,68,0.982374193,84,16,181_i_2_D,82,18,86,14,84,16,68
181_i_2_E,181_i,2,E,2_E,80,1.301688683,90,10,181_i_2_E,88,12,92,8,90,10,80
181_i_3_A,181_i,3,A,3_A,78,1.238605308,89,11,181_i_3_A,90,10,88,12,89,11,78
181_i_3_B,181_i,3,B,3_B,36,0.446552544,68,32,181_i_3_B,69,32,68,33,68,32,36
181_i_3_C,181_i,3,C,3_C,52,0.682875064,76,24,181_i_3_C,78,22,74,26,76,24,52
181_i_3_D,181_i,3,D,3_D,76,1.180363548,88,12,181_i_3_D,89,11,87,13,88,12,76
181_i_3_E,181_i,3,E,3_E,76,1.180363548,88,12,181_i_3_E,89,12,88,13,88,12,76
181_i_4_A,181_i,4,A,4_A,76,1.180363548,88,12,181_i_4_A,89,11,87,13,88,12,76
181_i_4_B,181_i,4,B,4_B,34,0.41954586,67,33,181_i_4_B,67,33,67,33,67,33,34
181_i_4_C,181_i,4,C,4_C,46,0.589238334,73,27,181_i_4_C,71,29,75,25,73,27,46
181_i_4_D,181_i,4,D,4_D,74,1.126173688,87,13,181_i_4_D,86,14,88,12,87,13,74
181_i_4_E,181_i,4,E,4_E,74,1.126173688,87,13,181_i_4_E,88,13,87,14,87,13,74
181_i_5_A,181_i,5,A,5_A,72,1.075421434,86,14,181_i_5_A,87,14,86,15,86,14,72
181_i_5_B,181_i,5,B,5_B,28,0.340859557,64,36,181_i_5_B,65,36,64,37,64,36,28
181_i_5_C,181_i,5,C,5_C,40,0.50195963,70,30,181_i_5_C,71,30,70,31,70,30,40
181_i_5_D,181_i,5,D,5_D,72,1.075421434,86,14,181_i_5_D,84,16,88,12,86,14,72
181_i_5_E,181_i,5,E,5_E,76,1.180363548,88,12,181_i_5_E,86,14,90,10,88,12,76
182_i_1_A,182_i,1,A,1_A,84,1.446905122,92,8,182_i_1_A,93,7,91,9,92,8,84
182_i_1_B,182_i,1,B,1_B,40,0.50195963,70,30,182_i_1_B,71,30,70,31,70,30,40
182_i_1_C,182_i,1,C,1_C,42,0.530447043,71,29,182_i_1_C,73,27,69,31,71,29,42
182_i_1_D,182_i,1,D,1_D,80,1.301688683,90,10,182_i_1_D,91,9,89,11,90,10,80
182_i_1_E,182_i,1,E,1_E,80,1.301688683,90,10,182_i_1_E,91,10,90,11,90,10,80
182_i_2_A,182_i,2,A,2_A,84,1.446905122,92,8,182_i_2_A,93,7,91,9,92,8,84
182_i_2_B,182_i,2,B,2_B,56,0.749811199,78,22,182_i_2_B,80,20,76,24,78,22,56
182_i_2_C,182_i,2,C,2_C,60,0.82127412,80,20,182_i_2_C,81,19,79,21,80,20,60
182_i_2_D,182_i,2,D,2_D,82,1.370652975,91,9,182_i_2_D,92,9,91,10,91,9,82
182_i_2_E,182_i,2,E,2_E,86,1.532416977,93,7,182_i_2_E,94,6,92,8,93,7,86
182_i_3_A,182_i,3,A,3_A,86,1.532416977,93,7,182_i_3_A,93,7,93,7,93,7,86
182_i_3_B,182_i,3,B,3_B,60,0.82127412,80,20,182_i_3_B,78,22,82,18,80,20,60
182_i_3_C,182_i,3,C,3_C,62,0.859020901,81,19,182_i_3_C,80,20,82,18,81,19,62
182_i_3_D,182_i,3,D,3_D,84,1.446905122,92,8,182_i_3_D,93,8,92,9,92,8,84
182_i_3_E,182_i,3,E,3_E,80,1.301688683,90,10,182_i_3_E,91,10,90,11,90,10,80
182_i_4_A,182_i,4,A,4_A,84,1.446905122,92,8,182_i_4_A,93,8,92,9,92,8,84
182_i_4_B,182_i,4,B,4_B,36,0.446552544,68,32,182_i_4_B,69,32,68,33,68,32,36
182_i_4_C,182_i,4,C,4_C,60,0.82127412,80,20,182_i_4_C,78,22,82,18,80,20,60
182_i_4_D,182_i,4,D,4_D,82,1.370652975,91,9,182_i_4_D,89,11,93,7,91,9,82
182_i_4_E,182_i,4,E,4_E,84,1.446905122,92,8,182_i_4_E,93,7,91,9,92,8,84
182_i_5_A,182_i,5,A,5_A,78,1.238605308,89,11,182_i_5_A,91,9,87,13,89,11,78
182_i_5_B,182_i,5,B,5_B,48,0.619656928,74,26,182_i_5_B,75,25,73,27,74,26,48
182_i_5_C,182_i,5,C,5_C,54,0.715832618,77,23,182_i_5_C,78,23,77,24,77,23,54
182_i_5_D,182_i,5,D,5_D,82,1.370652975,91,9,182_i_5_D,92,8,90,10,91,9,82
182_i_5_E,182_i,5,E,5_E,82,1.370652975,91,9,182_i_5_E,91,9,91,9,91,9,82
202_i_1_A,202_i,1,A,1_A,32,0.393089879,66,34,202_i_1_A,64,36,68,32,66,34,32
202_i_1_B,202_i,1,B,1_B,-12,-0.142920534,44,56,202_i_1_B,43,57,45,55,44,56,-12
202_i_1_C,202_i,1,C,1_C,-12,-0.142920534,44,56,202_i_1_C,45,56,44,57,44,56,-12
202_i_1_D,202_i,1,D,1_D,30,0.366862912,65,35,202_i_1_D,66,35,65,36,65,35,30
202_i_1_E,202_i,1,E,1_E,20,0.240291904,60,40,202_i_1_E,61,40,60,41,60,40,20
202_i_2_A,202_i,2,A,2_A,40,0.502136465,70,30,202_i_2_A,71,29,69,31,70,30,40
202_i_2_B,202_i,2,B,2_B,-22,-0.265091872,39,61,202_i_2_B,41,59,37,63,39,61,-22
202_i_2_C,202_i,2,C,2_C,-10,-0.118924027,45,55,202_i_2_C,46,54,44,56,45,55,-10
202_i_2_D,202_i,2,D,2_D,22,0.265091872,61,39,202_i_2_D,62,39,61,40,61,39,22
202_i_2_E,202_i,2,E,2_E,24,0.290122313,62,38,202_i_2_E,63,37,61,39,62,38,24
202_i_3_A,202_i,3,A,3_A,14,0.167034225,57,43,202_i_3_A,57,43,57,43,57,43,14
202_i_3_B,202_i,3,B,3_B,-16,-0.191286085,42,58,202_i_3_B,40,60,44,56,42,58,-16
202_i_3_C,202_i,3,C,3_C,56,0.75007535,78,22,202_i_3_C,77,23,79,21,78,22,56
202_i_3_D,202_i,3,D,3_D,20,0.240291904,60,40,202_i_3_D,61,40,60,41,60,40,20
202_i_3_E,202_i,3,E,3_E,16,0.191286085,58,42,202_i_3_E,59,42,58,43,58,42,16
202_i_4_A,202_i,4,A,4_A,42,0.530633915,71,29,202_i_4_A,72,29,71,30,71,29,42
202_i_4_B,202_i,4,B,4_B,-20,-0.240291904,40,60,202_i_4_B,38,62,42,58,40,60,-20
202_i_4_C,202_i,4,C,4_C,2,0.023708472,51,49,202_i_4_C,49,51,53,47,51,49,2
202_i_4_D,202_i,4,D,4_D,16,0.191286085,58,42,202_i_4_D,59,41,57,43,58,42,16
202_i_4_E,202_i,4,E,4_E,14,0.167034225,57,43,202_i_4_E,59,41,55,45,57,43,14
202_i_5_A,202_i,5,A,5_A,30,0.366862912,65,35,202_i_5_A,66,34,64,36,65,35,30
202_i_5_B,202_i,5,B,5_B,-34,-0.419693662,33,67,202_i_5_B,35,65,31,69,33,67,-34
202_i_5_C,202_i,5,C,5_C,-20,-0.240291904,40,60,202_i_5_C,41,59,39,61,40,60,-20
202_i_5_D,202_i,5,D,5_D,36,0.44670986,68,32,202_i_5_D,69,32,68,33,68,32,36
202_i_5_E,202_i,5,E,5_E,18,0.215697804,59,41,202_i_5_E,60,40,58,42,59,41,18
205_i_1_A,205_i,1,A,1_A,44,0.559718885,72,28,205_i_1_A,72,28,72,28,72,28,44
205_i_1_B,205_i,1,B,1_B,-30,-0.366862912,35,65,205_i_1_B,33,67,37,63,35,65,-30
205_i_1_C,205_i,1,C,1_C,-10,-0.118924027,45,55,205_i_1_C,44,56,46,54,45,55,-10
205_i_1_D,205_i,1,D,1_D,44,0.559718885,72,28,205_i_1_D,73,28,72,29,72,28,44
205_i_1_E,205_i,1,E,1_E,28,0.340979638,64,36,205_i_1_E,65,36,64,37,64,36,28
205_i_2_A,205_i,2,A,2_A,52,0.683115634,76,24,205_i_2_A,77,24,76,25,76,24,52
205_i_2_B,205_i,2,B,2_B,-20,-0.240291904,40,60,205_i_2_B,41,60,40,61,40,60,-20
205_i_2_C,205_i,2,C,2_C,-6,-0.071201455,47,53,205_i_2_C,45,55,49,51,47,53,-6
205_i_2_D,205_i,2,D,2_D,30,0.366862912,65,35,205_i_2_D,63,37,67,33,65,35,30
205_i_2_E,205_i,2,E,2_E,44,0.559718885,72,28,205_i_2_E,71,29,73,27,72,28,44
205_i_3_A,205_i,3,A,3_A,50,0.651073627,75,25,205_i_3_A,76,25,75,26,75,25,50
205_i_3_B,205_i,3,B,3_B,-24,-0.290122313,38,62,205_i_3_B,39,62,38,63,38,62,-24
205_i_3_C,205_i,3,C,3_C,-18,-0.215697804,41,59,205_i_3_C,42,59,41,60,41,59,-18
205_i_3_D,205_i,3,D,3_D,50,0.651073627,75,25,205_i_3_D,76,25,75,26,75,25,50
205_i_3_E,205_i,3,E,3_E,42,0.530633915,71,29,205_i_3_E,69,31,73,27,71,29,42
205_i_4_A,205_i,4,A,4_A,48,0.619875227,74,26,205_i_4_A,72,28,76,24,74,26,48
205_i_4_B,205_i,4,B,4_B,-14,-0.167034225,43,57,205_i_4_B,44,57,43,58,43,57,-14
205_i_4_C,205_i,4,C,4_C,-26,-0.315409117,37,63,205_i_4_C,38,63,37,64,37,63,-26
205_i_4_D,205_i,4,D,4_D,46,0.589445917,73,27,205_i_4_D,74,27,73,28,73,27,46
205_i_4_E,205_i,4,E,4_E,22,0.265091872,61,39,205_i_4_E,62,39,61,40,61,39,22
205_i_5_A,205_i,5,A,5_A,46,0.589445917,73,27,205_i_5_A,71,29,75,25,73,27,46
205_i_5_B,205_i,5,B,5_B,-20,-0.240291904,40,60,205_i_5_B,38,62,42,58,40,60,-20
205_i_5_C,205_i,5,C,5_C,-16,-0.191286085,42,58,205_i_5_C,41,59,43,57,42,58,-16
205_i_5_D,205_i,5,D,5_D,38,0.474176905,69,31,205_i_5_D,70,31,69,32,69,31,38
205_i_5_E,205_i,5,E,5_E,48,0.619875227,74,26,205_i_5_E,75,26,74,27,74,26,48
207_i_1_A,207_i,1,A,1_A,40,0.50195963,70,30,207_i_1_A,71,30,70,31,70,30,40
207_i_1_B,207_i,1,B,1_B,24,0.290020142,62,38,207_i_1_B,63,38,62,39,62,38,24
207_i_1_C,207_i,1,C,1_C,32,0.392951447,66,34,207_i_1_C,64,36,68,32,66,34,32
207_i_1_D,207_i,1,D,1_D,44,0.559521771,72,28,207_i_1_D,70,30,74,26,72,28,44
207_i_1_E,207_i,1,E,1_E,46,0.589238334,73,27,207_i_1_E,74,27,73,28,73,27,46
207_i_2_A,207_i,2,A,2_A,60,0.82127412,80,20,207_i_2_A,81,20,80,21,80,20,60
207_i_2_B,207_i,2,B,2_B,22,0.264998516,61,39,207_i_2_B,62,39,61,40,61,39,22
207_i_2_C,207_i,2,C,2_C,30,0.366733715,65,35,207_i_2_C,66,35,65,36,65,35,30
207_i_2_D,207_i,2,D,2_D,50,0.650844341,75,25,207_i_2_D,73,27,77,23,75,25,50
207_i_2_E,207_i,2,E,2_E,60,0.82127412,80,20,207_i_2_E,78,22,82,18,80,20,60
207_i_3_A,207_i,3,A,3_A,56,0.749811199,78,22,207_i_3_A,77,23,79,21,78,22,56
207_i_3_B,207_i,3,B,3_B,24,0.290020142,62,38,207_i_3_B,63,38,62,39,62,38,24
207_i_3_C,207_i,3,C,3_C,32,0.392951447,66,34,207_i_3_C,67,34,66,35,66,34,32
207_i_3_D,207_i,3,D,3_D,50,0.650844341,75,25,207_i_3_D,76,25,75,26,75,25,50
207_i_3_E,207_i,3,E,3_E,56,0.749811199,78,22,207_i_3_E,79,22,78,23,78,22,56
207_i_4_A,207_i,4,A,4_A,58,0.78491768,79,21,207_i_4_A,77,23,81,19,79,21,58
207_i_4_B,207_i,4,B,4_B,18,0.215621843,59,41,207_i_4_B,57,43,61,39,59,41,18
207_i_4_C,207_i,4,C,4_C,38,0.474009916,69,31,207_i_4_C,70,31,69,32,69,31,38
207_i_4_D,207_i,4,D,4_D,56,0.749811199,78,22,207_i_4_D,76,24,80,20,78,22,56
207_i_4_E,207_i,4,E,4_E,54,0.715832618,77,23,207_i_4_E,75,25,79,21,77,23,54
207_i_5_A,207_i,5,A,5_A,56,0.749811199,78,22,207_i_5_A,79,21,77,23,78,22,56
207_i_5_B,207_i,5,B,5_B,20,0.240207281,60,40,207_i_5_B,62,38,58,42,60,40,20
207_i_5_C,207_i,5,C,5_C,28,0.340859557,64,36,207_i_5_C,66,34,62,38,64,36,28
207_i_5_D,207_i,5,D,5_D,46,0.589238334,73,27,207_i_5_D,74,26,72,28,73,27,46
207_i_5_E,207_i,5,E,5_E,52,0.682875064,76,24,207_i_5_E,76,24,76,24,76,24,52
210_i_1_A,210_i,1,A,1_A,30,0.366862912,65,35,210_i_1_A,67,33,63,37,65,35,30
210_i_1_B,210_i,1,B,1_B,-10,-0.118924027,45,55,210_i_1_B,46,54,44,56,45,55,-10
210_i_1_C,210_i,1,C,1_C,-12,-0.142920534,44,56,210_i_1_C,45,56,44,57,44,56,-12
210_i_1_D,210_i,1,D,1_D,30,0.366862912,65,35,210_i_1_D,67,33,63,37,65,35,30
210_i_1_E,210_i,1,E,1_E,25,0.302731997,62.5,37.5,210_i_1_E,63,38,63,38,63,38,25
210_i_2_A,210_i,2,A,2_A,41,0.516314959,70.5,29.5,210_i_2_A,72,29,70,31,71,30,41
210_i_2_B,210_i,2,B,2_B,-18,-0.215697804,41,59,210_i_2_B,42,58,40,60,41,59,-18
210_i_2_C,210_i,2,C,2_C,-7,-0.083104501,46.5,53.5,210_i_2_C,46,55,48,53,47,54,-7
210_i_2_D,210_i,2,D,2_D,20,0.240291904,60,40,210_i_2_D,60,40,60,40,60,40,20
210_i_2_E,210_i,2,E,2_E,22,0.265091872,61,39,210_i_2_E,62,38,60,40,61,39,22
210_i_3_A,210_i,3,A,3_A,16,0.191286085,58,42,210_i_3_A,57,43,59,41,58,42,16
210_i_3_B,210_i,3,B,3_B,-16,-0.191286085,42,58,210_i_3_B,43,57,41,59,42,58,-16
210_i_3_C,210_i,3,C,3_C,-4,-0.04743593,48,52,210_i_3_C,46,54,50,50,48,52,-4
210_i_3_D,210_i,3,D,3_D,22,0.265091872,61,39,210_i_3_D,60,40,62,38,61,39,22
210_i_3_E,210_i,3,E,3_E,14,0.167034225,57,43,210_i_3_E,58,43,57,44,57,43,14
210_i_4_A,210_i,4,A,4_A,42,0.530633915,71,29,210_i_4_A,72,29,71,30,71,29,42
210_i_4_B,210_i,4,B,4_B,-16,-0.191286085,42,58,210_i_4_B,40,60,44,56,42,58,-16
210_i_4_C,210_i,4,C,4_C,2,0.023708472,51,49,210_i_4_C,49,51,53,47,51,49,2
210_i_4_D,210_i,4,D,4_D,12,0.142920534,56,44,210_i_4_D,57,43,55,45,56,44,12
210_i_4_E,210_i,4,E,4_E,10,0.118924027,55,45,210_i_4_E,56,45,55,46,55,45,10
210_i_5_A,210_i,5,A,5_A,26,0.315409117,63,37,210_i_5_A,65,35,61,39,63,37,26
210_i_5_B,210_i,5,B,5_B,-22,-0.265091872,39,61,210_i_5_B,40,60,38,62,39,61,-22
210_i_5_C,210_i,5,C,5_C,-14,-0.167034225,43,57,210_i_5_C,44,57,43,58,43,57,-14
210_i_5_D,210_i,5,D,5_D,32,0.393089879,66,34,210_i_5_D,67,33,65,35,66,34,32
210_i_5_E,210_i,5,E,5_E,20,0.240291904,60,40,210_i_5_E,60,40,60,40,60,40,20
223_i_1_A,223_i,1,A,1_A,60,0.821563446,80,20,223_i_1_A,82,18,78,22,80,20,60
223_i_1_B,223_i,1,B,1_B,34,0.419693662,67,33,223_i_1_B,68,32,66,34,67,33,34
223_i_1_C,223_i,1,C,1_C,36,0.44670986,68,32,223_i_1_C,69,32,68,33,68,32,36
223_i_1_D,223_i,1,D,1_D,56,0.75007535,78,22,223_i_1_D,80,20,76,24,78,22,56
223_i_1_E,223_i,1,E,1_E,60,0.821563446,80,20,223_i_1_E,80,20,80,20,80,20,60
223_i_2_A,223_i,2,A,2_A,56,0.75007535,78,22,223_i_2_A,79,21,77,23,78,22,56
223_i_2_B,223_i,2,B,2_B,24,0.290122313,62,38,223_i_2_B,63,37,61,39,62,38,24
223_i_2_C,223_i,2,C,2_C,30,0.366862912,65,35,223_i_2_C,64,36,66,34,65,35,30
223_i_2_D,223_i,2,D,2_D,62,0.859323525,81,19,223_i_2_D,81,19,81,19,81,19,62
223_i_2_E,223_i,2,E,2_E,60,0.821563446,80,20,223_i_2_E,81,19,79,21,80,20,60
223_i_3_A,223_i,3,A,3_A,50,0.651073627,75,25,223_i_3_A,74,26,76,24,75,25,50
223_i_3_B,223_i,3,B,3_B,34,0.419693662,67,33,223_i_3_B,68,32,66,34,67,33,34
223_i_3_C,223_i,3,C,3_C,28,0.340979638,64,36,223_i_3_C,62,38,66,34,64,36,28
223_i_3_D,223_i,3,D,3_D,60,0.821563446,80,20,223_i_3_D,79,21,81,19,80,20,60
223_i_3_E,223_i,3,E,3_E,62,0.859323525,81,19,223_i_3_E,82,19,81,20,81,19,62
223_i_4_A,223_i,4,A,4_A,50,0.651073627,75,25,223_i_4_A,76,25,75,26,75,25,50
223_i_4_B,223_i,4,B,4_B,22,0.265091872,61,39,223_i_4_B,59,41,63,37,61,39,22
223_i_4_C,223_i,4,C,4_C,20,0.240291904,60,40,223_i_4_C,58,42,62,38,60,40,20
223_i_4_D,223_i,4,D,4_D,62,0.859323525,81,19,223_i_4_D,82,18,80,20,81,19,62
223_i_4_E,223_i,4,E,4_E,60,0.821563446,80,20,223_i_4_E,81,20,80,21,80,20,60
223_i_5_A,223_i,5,A,5_A,70,1.027981402,85,15,223_i_5_A,87,13,83,17,85,15,70
223_i_5_B,223_i,5,B,5_B,18,0.215697804,59,41,223_i_5_B,60,40,58,42,59,41,18
223_i_5_C,223_i,5,C,5_C,20,0.240291904,60,40,223_i_5_C,61,39,59,41,60,40,20
223_i_5_D,223_i,5,D,5_D,64,0.89863719,82,18,223_i_5_D,81,19,83,17,82,18,64
223_i_5_E,223_i,5,E,5_E,66,0.939694654,83,17,223_i_5_E,84,16,82,18,83,17,66
229_i_1_A,229_i,1,A,1_A,86,1.532416977,93,7,229_i_1_A,91,9,95,5,93,7,86
229_i_1_B,229_i,1,B,1_B,40,0.50195963,70,30,229_i_1_B,69,31,71,29,70,30,40
229_i_1_C,229_i,1,C,1_C,42,0.530447043,71,29,229_i_1_C,72,29,71,30,71,29,42
229_i_1_D,229_i,1,D,1_D,72,1.075421434,86,14,229_i_1_D,87,14,86,15,86,14,72
229_i_1_E,229_i,1,E,1_E,78,1.238605308,89,11,229_i_1_E,87,13,91,9,89,11,78
229_i_2_A,229_i,2,A,2_A,82,1.370652975,91,9,229_i_2_A,89,11,93,7,91,9,82
229_i_2_B,229_i,2,B,2_B,82,1.370652975,91,9,229_i_2_B,92,8,90,10,91,9,82
229_i_2_C,229_i,2,C,2_C,46,0.589238334,73,27,229_i_2_C,74,27,73,28,73,27,46
229_i_2_D,229_i,2,D,2_D,50,0.650844341,75,25,229_i_2_D,77,23,73,27,75,25,50
229_i_2_E,229_i,2,E,2_E,82,1.370652975,91,9,229_i_2_E,92,8,90,10,91,9,82
229_i_3_A,229_i,3,A,3_A,82,1.370652975,91,9,229_i_3_A,92,9,91,10,91,9,82
229_i_3_B,229_i,3,B,3_B,44,0.559521771,72,28,229_i_3_B,73,27,71,29,72,28,44
229_i_3_C,229_i,3,C,3_C,50,0.650844341,75,25,229_i_3_C,75,25,75,25,75,25,50
229_i_3_D,229_i,3,D,3_D,76,1.180363548,88,12,229_i_3_D,86,14,90,10,88,12,76
229_i_3_E,229_i,3,E,3_E,76,1.180363548,88,12,229_i_3_E,87,13,89,11,88,12,76
229_i_4_A,229_i,4,A,4_A,86,1.532416977,93,7,229_i_4_A,94,7,93,8,93,7,86
229_i_4_B,229_i,4,B,4_B,40,0.50195963,70,30,229_i_4_B,71,30,70,31,70,30,40
229_i_4_C,229_i,4,C,4_C,48,0.619656928,74,26,229_i_4_C,72,28,76,24,74,26,48
229_i_4_D,229_i,4,D,4_D,84,1.446905122,92,8,229_i_4_D,90,10,94,6,92,8,84
229_i_4_E,229_i,4,E,4_E,82,1.370652975,91,9,229_i_4_E,92,8,90,10,91,9,82
229_i_5_A,229_i,5,A,5_A,78,1.238605308,89,11,229_i_5_A,90,11,89,12,89,11,78
229_i_5_B,229_i,5,B,5_B,42,0.530447043,71,29,229_i_5_B,73,27,69,31,71,29,42
229_i_5_C,229_i,5,C,5_C,44,0.559521771,72,28,229_i_5_C,73,27,71,29,72,28,44
229_i_5_D,229_i,5,D,5_D,76,1.180363548,88,12,229_i_5_D,89,12,88,13,88,12,76
229_i_5_E,229_i,5,E,5_E,80,1.301688683,90,10,229_i_5_E,91,9,89,11,90,10,80
229_vi_1_A,229_vi,1,A,1_A,82,1.370652975,91,9,229_vi_1_A,91,9,91,9,91,9,82
229_vi_1_B,229_vi,1,B,1_B,44,0.559521771,72,28,229_vi_1_B,74,26,70,30,72,28,44
229_vi_1_C,229_vi,1,C,1_C,44,0.559521771,72,28,229_vi_1_C,70,30,74,26,72,28,44
229_vi_1_D,229_vi,1,D,1_D,76,1.180363548,88,12,229_vi_1_D,89,11,87,13,88,12,76
229_vi_1_E,229_vi,1,E,1_E,76,1.180363548,88,12,229_vi_1_E,89,12,88,13,88,12,76
229_vi_2_A,229_vi,2,A,2_A,80,1.301688683,90,10,229_vi_2_A,92,8,88,12,90,10,80
229_vi_2_B,229_vi,2,B,2_B,80,1.301688683,90,10,229_vi_2_B,91,9,89,11,90,10,80
229_vi_2_C,229_vi,2,C,2_C,40,0.50195963,70,30,229_vi_2_C,71,30,70,31,70,30,40
229_vi_2_D,229_vi,2,D,2_D,48,0.619656928,74,26,229_vi_2_D,75,25,73,27,74,26,48
229_vi_2_E,229_vi,2,E,2_E,80,1.301688683,90,10,229_vi_2_E,89,11,91,9,90,10,80
229_vi_3_A,229_vi,3,A,3_A,82,1.370652975,91,9,229_vi_3_A,92,9,91,10,91,9,82
229_vi_3_B,229_vi,3,B,3_B,46,0.589238334,73,27,229_vi_3_B,75,25,71,29,73,27,46
229_vi_3_C,229_vi,3,C,3_C,54,0.715832618,77,23,229_vi_3_C,78,22,76,24,77,23,54
229_vi_3_D,229_vi,3,D,3_D,78,1.238605308,89,11,229_vi_3_D,90,11,89,12,89,11,78
229_vi_3_E,229_vi,3,E,3_E,74,1.126173688,87,13,229_vi_3_E,88,13,87,14,87,13,74
229_vi_4_A,229_vi,4,A,4_A,84,1.446905122,92,8,229_vi_4_A,90,10,94,6,92,8,84
229_vi_4_B,229_vi,4,B,4_B,38,0.474009916,69,31,229_vi_4_B,67,33,71,29,69,31,38
229_vi_4_C,229_vi,4,C,4_C,48,0.619656928,74,26,229_vi_4_C,75,25,73,27,74,26,48
229_vi_4_D,229_vi,4,D,4_D,84,1.446905122,92,8,229_vi_4_D,93,8,92,9,92,8,84
229_vi_4_E,229_vi,4,E,4_E,82,1.370652975,91,9,229_vi_4_E,93,7,89,11,91,9,82
229_vi_5_A,229_vi,5,A,5_A,80,1.301688683,90,10,229_vi_5_A,91,9,89,11,90,10,80
229_vi_5_B,229_vi,5,B,5_B,40,0.50195963,70,30,229_vi_5_B,71,29,69,31,70,30,40
229_vi_5_C,229_vi,5,C,5_C,44,0.559521771,72,28,229_vi_5_C,71,29,73,27,72,28,44
229_vi_5_D,229_vi,5,D,5_D,78,1.238605308,89,11,229_vi_5_D,90,10,88,12,89,11,78
229_vi_5_E,229_vi,5,E,5_E,82,1.370652975,91,9,229_vi_5_E,89,11,93,7,91,9,82
230_i_1_A,230_i,1,A,1_A,80,1.301688683,90,10,230_i_1_A,89,11,91,9,90,10,80
230_i_1_B,230_i,1,B,1_B,36,0.446552544,68,32,230_i_1_B,69,32,68,33,68,32,36
230_i_1_C,230_i,1,C,1_C,44,0.559521771,72,28,230_i_1_C,73,28,72,29,72,28,44
230_i_1_D,230_i,1,D,1_D,76,1.180363548,88,12,230_i_1_D,86,14,90,10,88,12,76
230_i_1_E,230_i,1,E,1_E,78,1.238605308,89,11,230_i_1_E,87,13,91,9,89,11,78
230_i_2_A,230_i,2,A,2_A,84,1.446905122,92,8,230_i_2_A,93,7,91,9,92,8,84
230_i_2_B,230_i,2,B,2_B,60,0.82127412,80,20,230_i_2_B,81,20,80,21,80,20,60
230_i_2_C,230_i,2,C,2_C,60,0.82127412,80,20,230_i_2_C,82,18,78,22,80,20,60
230_i_2_D,230_i,2,D,2_D,86,1.532416977,93,7,230_i_2_D,94,6,92,8,93,7,86
230_i_2_E,230_i,2,E,2_E,90,1.744356465,95,5,230_i_2_E,96,5,95,6,95,5,90
230_i_3_A,230_i,3,A,3_A,86,1.532416977,93,7,230_i_3_A,94,6,92,8,93,7,86
230_i_3_B,230_i,3,B,3_B,62,0.859020901,81,19,230_i_3_B,81,19,81,19,81,19,62
230_i_3_C,230_i,3,C,3_C,60,0.82127412,80,20,230_i_3_C,78,22,82,18,80,20,60
230_i_3_D,230_i,3,D,3_D,80,1.301688683,90,10,230_i_3_D,89,11,91,9,90,10,80
230_i_3_E,230_i,3,E,3_E,80,1.301688683,90,10,230_i_3_E,91,10,90,11,90,10,80
230_i_4_A,230_i,4,A,4_A,86,1.532416977,93,7,230_i_4_A,94,7,93,8,93,7,86
230_i_4_B,230_i,4,B,4_B,40,0.50195963,70,30,230_i_4_B,68,32,72,28,70,30,40
230_i_4_C,230_i,4,C,4_C,66,0.939363725,83,17,230_i_4_C,81,19,85,15,83,17,66
230_i_4_D,230_i,4,D,4_D,84,1.446905122,92,8,230_i_4_D,93,7,91,9,92,8,84
230_i_4_E,230_i,4,E,4_E,86,1.532416977,93,7,230_i_4_E,94,7,93,8,93,7,86
230_i_5_A,230_i,5,A,5_A,78,1.238605308,89,11,230_i_5_A,91,9,87,13,89,11,78
230_i_5_B,230_i,5,B,5_B,44,0.559521771,72,28,230_i_5_B,73,28,72,29,72,28,44
230_i_5_C,230_i,5,C,5_C,54,0.715832618,77,23,230_i_5_C,75,25,79,21,77,23,54
230_i_5_D,230_i,5,D,5_D,86,1.532416977,93,7,230_i_5_D,91,9,95,5,93,7,86
230_i_5_E,230_i,5,E,5_E,84,1.446905122,92,8,230_i_5_E,93,7,91,9,92,8,84
242_i_1_A,242_i,1,A,1_A,34,0.419693662,67,33,242_i_1_A,68,33,67,34,67,33,34
242_i_1_B,242_i,1,B,1_B,30,0.366862912,65,35,242_i_1_B,67,33,63,37,65,35,30
242_i_1_C,242_i,1,C,1_C,32,0.393089879,66,34,242_i_1_C,67,33,65,35,66,34,32
242_i_1_D,242_i,1,D,1_D,44,0.559718885,72,28,242_i_1_D,73,27,71,29,72,28,44
242_i_1_E,242_i,1,E,1_E,28,0.340979638,64,36,242_i_1_E,63,37,65,35,64,36,28
242_i_2_A,242_i,2,A,2_A,30,0.366862912,65,35,242_i_2_A,66,34,64,36,65,35,30
242_i_2_B,242_i,2,B,2_B,-12,-0.142920534,44,56,242_i_2_B,42,58,46,54,44,56,-12
242_i_2_C,242_i,2,C,2_C,10,0.118924027,55,45,242_i_2_C,54,46,56,44,55,45,10
242_i_2_D,242_i,2,D,2_D,22,0.265091872,61,39,242_i_2_D,62,39,61,40,61,39,22
242_i_2_E,242_i,2,E,2_E,24,0.290122313,62,38,242_i_2_E,63,38,62,39,62,38,24
242_i_3_A,242_i,3,A,3_A,14,0.167034225,57,43,242_i_3_A,55,45,59,41,57,43,14
242_i_3_B,242_i,3,B,3_B,-6,-0.071201455,47,53,242_i_3_B,45,55,49,51,47,53,-6
242_i_3_C,242_i,3,C,3_C,56,0.75007535,78,22,242_i_3_C,79,21,77,23,78,22,56
242_i_3_D,242_i,3,D,3_D,20,0.240291904,60,40,242_i_3_D,61,40,60,41,60,40,20
242_i_3_E,242_i,3,E,3_E,16,0.191286085,58,42,242_i_3_E,60,40,56,44,58,42,16
242_i_4_A,242_i,4,A,4_A,42,0.530633915,71,29,242_i_4_A,72,28,70,30,71,29,42
242_i_4_B,242_i,4,B,4_B,-20,-0.240291904,40,60,242_i_4_B,41,60,40,61,40,60,-20
242_i_4_C,242_i,4,C,4_C,2,0.023708472,51,49,242_i_4_C,52,48,50,50,51,49,2
242_i_4_D,242_i,4,D,4_D,16,0.191286085,58,42,242_i_4_D,58,42,58,42,58,42,16
242_i_4_E,242_i,4,E,4_E,14,0.167034225,57,43,242_i_4_E,55,45,59,41,57,43,14
242_i_5_A,242_i,5,A,5_A,26,0.315409117,63,37,242_i_5_A,62,38,64,36,63,37,26
242_i_5_B,242_i,5,B,5_B,4,0.04743593,52,48,242_i_5_B,53,48,52,49,52,48,4
242_i_5_C,242_i,5,C,5_C,0,0,50,50,242_i_5_C,51,50,50,51,50,50,0
242_i_5_D,242_i,5,D,5_D,40,0.502136465,70,30,242_i_5_D,68,32,72,28,70,30,40
242_i_5_E,242_i,5,E,5_E,18,0.215697804,59,41,242_i_5_E,57,43,61,39,59,41,18
242_vi_1_A,242_vi,1,A,1_A,32,0.392951447,66,34,242_vi_1_A,67,33,65,35,66,34,32
242_vi_1_B,242_vi,1,B,1_B,30,0.366733715,65,35,242_vi_1_B,66,35,65,36,65,35,30
242_vi_1_C,242_vi,1,C,1_C,34,0.41954586,67,33,242_vi_1_C,69,31,65,35,67,33,34
242_vi_1_D,242_vi,1,D,1_D,40,0.50195963,70,30,242_vi_1_D,73,27,67,33,70,30,40
242_vi_1_E,242_vi,1,E,1_E,30,0.366733715,65,35,242_vi_1_E,66,35,65,36,65,35,30
242_vi_2_A,242_vi,2,A,2_A,28,0.340859557,64,36,242_vi_2_A,65,36,64,37,64,36,28
242_vi_2_B,242_vi,2,B,2_B,-10,-0.118882146,45,55,242_vi_2_B,43,57,47,53,45,55,-10
242_vi_2_C,242_vi,2,C,2_C,10,0.118882146,55,45,242_vi_2_C,53,47,57,43,55,45,10
242_vi_2_D,242_vi,2,D,2_D,20,0.240207281,60,40,242_vi_2_D,61,39,59,41,60,40,20
242_vi_2_E,242_vi,2,E,2_E,24,0.290020142,62,38,242_vi_2_E,63,38,62,39,62,38,24
242_vi_3_A,242_vi,3,A,3_A,14,0.166975401,57,43,242_vi_3_A,59,41,55,45,57,43,14
242_vi_3_B,242_vi,3,B,3_B,-8,-0.094990842,46,54,242_vi_3_B,47,53,45,55,46,54,-8
242_vi_3_C,242_vi,3,C,3_C,42,0.530447043,71,29,242_vi_3_C,72,29,71,30,71,29,42
242_vi_3_D,242_vi,3,D,3_D,26,0.31529804,63,37,242_vi_3_D,64,36,62,38,63,37,26
242_vi_3_E,242_vi,3,E,3_E,20,0.240207281,60,40,242_vi_3_E,60,40,60,40,60,40,20
242_vi_4_A,242_vi,4,A,4_A,40,0.50195963,70,30,242_vi_4_A,68,32,72,28,70,30,40
242_vi_4_B,242_vi,4,B,4_B,-22,-0.264998516,39,61,242_vi_4_B,38,62,40,60,39,61,-22
242_vi_4_C,242_vi,4,C,4_C,0,0,50,50,242_vi_4_C,51,50,50,51,50,50,0
242_vi_4_D,242_vi,4,D,4_D,14,0.166975401,57,43,242_vi_4_D,58,43,57,44,57,43,14
242_vi_4_E,242_vi,4,E,4_E,14,0.166975401,57,43,242_vi_4_E,58,43,57,44,57,43,14
242_vi_5_A,242_vi,5,A,5_A,26,0.31529804,63,37,242_vi_5_A,64,37,63,38,63,37,26
242_vi_5_B,242_vi,5,B,5_B,0,0,50,50,242_vi_5_B,48,52,52,48,50,50,0
242_vi_5_C,242_vi,5,C,5_C,0,0,50,50,242_vi_5_C,48,52,52,48,50,50,0
242_vi_5_D,242_vi,5,D,5_D,38,0.474009916,69,31,242_vi_5_D,70,30,68,32,69,31,38
242_vi_5_E,242_vi,5,E,5_E,20,0.240207281,60,40,242_vi_5_E,61,40,60,41,60,40,20
245_i_1_A,245_i,1,A,1_A,20,0.240207281,60,40,245_i_1_A,62,38,58,42,60,40,20
245_i_1_B,245_i,1,B,1_B,0,0,50,50,245_i_1_B,51,49,49,51,50,50,0
245_i_1_C,245_i,1,C,1_C,2,0.023700122,51,49,245_i_1_C,52,49,51,50,51,49,2
245_i_1_D,245_i,1,D,1_D,22,0.264998516,61,39,245_i_1_D,62,38,60,40,61,39,22
245_i_1_E,245_i,1,E,1_E,12,0.142870202,56,44,245_i_1_E,58,42,54,46,56,44,12
245_i_2_A,245_i,2,A,2_A,12,0.142870202,56,44,245_i_2_A,57,43,55,45,56,44,12
245_i_2_B,245_i,2,B,2_B,0,0,50,50,245_i_2_B,51,50,50,51,50,50,0
245_i_2_C,245_i,2,C,2_C,2,0.023700122,51,49,245_i_2_C,52,48,50,50,51,49,2
245_i_2_D,245_i,2,D,2_D,14,0.166975401,57,43,245_i_2_D,57,43,57,43,57,43,14
245_i_2_E,245_i,2,E,2_E,16,0.19121872,58,42,245_i_2_E,56,44,60,40,58,42,16
245_i_3_A,245_i,3,A,3_A,20,0.240207281,60,40,245_i_3_A,59,41,61,39,60,40,20
245_i_3_B,245_i,3,B,3_B,4,0.047419225,52,48,245_i_3_B,53,48,52,49,52,48,4
245_i_3_C,245_i,3,C,3_C,-4,-0.047419225,48,52,245_i_3_C,49,52,48,53,48,52,-4
245_i_3_D,245_i,3,D,3_D,18,0.215621843,59,41,245_i_3_D,60,41,59,42,59,41,18
245_i_3_E,245_i,3,E,3_E,16,0.19121872,58,42,245_i_3_E,59,42,58,43,58,42,16
245_i_4_A,245_i,4,A,4_A,16,0.19121872,58,42,245_i_4_A,56,44,60,40,58,42,16
245_i_4_B,245_i,4,B,4_B,2,0.023700122,51,49,245_i_4_B,49,51,53,47,51,49,2
245_i_4_C,245_i,4,C,4_C,4,0.047419225,52,48,245_i_4_C,53,47,51,49,52,48,4
245_i_4_D,245_i,4,D,4_D,14,0.166975401,57,43,245_i_4_D,59,41,55,45,57,43,14
245_i_4_E,245_i,4,E,4_E,12,0.142870202,56,44,245_i_4_E,57,43,55,45,56,44,12
245_i_5_A,245_i,5,A,5_A,16,0.19121872,58,42,245_i_5_A,59,42,58,43,58,42,16
245_i_5_B,245_i,5,B,5_B,2,0.023700122,51,49,245_i_5_B,52,48,50,50,51,49,2
245_i_5_C,245_i,5,C,5_C,0,0,50,50,245_i_5_C,50,50,50,50,50,50,0
245_i_5_D,245_i,5,D,5_D,18,0.215621843,59,41,245_i_5_D,57,43,61,39,59,41,18
245_i_5_E,245_i,5,E,5_E,12,0.142870202,56,44,245_i_5_E,55,45,57,43,56,44,12
245_vi_1_A,245_vi,1,A,1_A,16,0.19121872,58,42,245_vi_1_A,59,42,58,43,58,42,16
245_vi_1_B,245_vi,1,B,1_B,4,0.047419225,52,48,245_vi_1_B,53,48,52,49,52,48,4
245_vi_1_C,245_vi,1,C,1_C,4,0.047419225,52,48,245_vi_1_C,53,48,52,49,52,48,4
245_vi_1_D,245_vi,1,D,1_D,20,0.240207281,60,40,245_vi_1_D,61,39,59,41,60,40,20
245_vi_1_E,245_vi,1,E,1_E,10,0.118882146,55,45,245_vi_1_E,57,43,53,47,55,45,10
245_vi_2_A,245_vi,2,A,2_A,12,0.142870202,56,44,245_vi_2_A,57,43,55,45,56,44,12
245_vi_2_B,245_vi,2,B,2_B,0,0,50,50,245_vi_2_B,51,50,50,51,50,50,0
245_vi_2_C,245_vi,2,C,2_C,2,0.023700122,51,49,245_vi_2_C,52,48,50,50,51,49,2
245_vi_2_D,245_vi,2,D,2_D,10,0.118882146,55,45,245_vi_2_D,55,45,55,45,55,45,10
245_vi_2_E,245_vi,2,E,2_E,12,0.142870202,56,44,245_vi_2_E,54,46,58,42,56,44,12
245_vi_3_A,245_vi,3,A,3_A,20,0.240207281,60,40,245_vi_3_A,59,41,61,39,60,40,20
245_vi_3_B,245_vi,3,B,3_B,-2,-0.023700122,49,51,245_vi_3_B,50,51,49,52,49,51,-2
245_vi_3_C,245_vi,3,C,3_C,0,0,50,50,245_vi_3_C,51,50,50,51,50,50,0
245_vi_3_D,245_vi,3,D,3_D,16,0.19121872,58,42,245_vi_3_D,59,42,58,43,58,42,16
245_vi_3_E,245_vi,3,E,3_E,14,0.166975401,57,43,245_vi_3_E,55,45,59,41,57,43,14
245_vi_4_A,245_vi,4,A,4_A,16,0.19121872,58,42,245_vi_4_A,56,44,60,40,58,42,16
245_vi_4_B,245_vi,4,B,4_B,2,0.023700122,51,49,245_vi_4_B,52,48,50,50,51,49,2
245_vi_4_C,245_vi,4,C,4_C,4,0.047419225,52,48,245_vi_4_C,54,46,50,50,52,48,4
245_vi_4_D,245_vi,4,D,4_D,10,0.118882146,55,45,245_vi_4_D,56,44,54,46,55,45,10
245_vi_4_E,245_vi,4,E,4_E,12,0.142870202,56,44,245_vi_4_E,58,42,54,46,56,44,12
245_vi_5_A,245_vi,5,A,5_A,8,0.094990842,54,46,245_vi_5_A,55,45,53,47,54,46,8
245_vi_5_B,245_vi,5,B,5_B,2,0.023700122,51,49,245_vi_5_B,52,49,51,50,51,49,2
245_vi_5_C,245_vi,5,C,5_C,-2,-0.023700122,49,51,245_vi_5_C,50,50,48,52,49,51,-2
245_vi_5_D,245_vi,5,D,5_D,10,0.118882146,55,45,245_vi_5_D,55,45,55,45,55,45,10
245_vi_5_E,245_vi,5,E,5_E,10,0.118882146,55,45,245_vi_5_E,53,47,57,43,55,45,10
246_vi_1_A,246_vi,1,A,1_A,4,0.047419225,52,48,246_vi_1_A,51,49,53,47,52,48,4
246_vi_1_B,246_vi,1,B,1_B,0,0,50,50,246_vi_1_B,51,50,50,51,50,50,0
246_vi_1_C,246_vi,1,C,1_C,2,0.023700122,51,49,246_vi_1_C,52,49,51,50,51,49,2
246_vi_1_D,246_vi,1,D,1_D,10,0.118882146,55,45,246_vi_1_D,56,45,55,46,55,45,10
246_vi_1_E,246_vi,1,E,1_E,-4,-0.047419225,48,52,246_vi_1_E,49,52,48,53,48,52,-4
246_vi_2_A,246_vi,2,A,2_A,-2,-0.023700122,49,51,246_vi_2_A,47,53,51,49,49,51,-2
246_vi_2_B,246_vi,2,B,2_B,2,0.023700122,51,49,246_vi_2_B,49,51,53,47,51,49,2
246_vi_2_C,246_vi,2,C,2_C,4,0.047419225,52,48,246_vi_2_C,51,49,53,47,52,48,4
246_vi_2_D,246_vi,2,D,2_D,0,0,50,50,246_vi_2_D,51,50,50,51,50,50,0
246_vi_2_E,246_vi,2,E,2_E,0,0,50,50,246_vi_2_E,51,50,50,51,50,50,0
246_vi_3_A,246_vi,3,A,3_A,-4,-0.047419225,48,52,246_vi_3_A,49,52,48,53,48,52,-4
246_vi_3_B,246_vi,3,B,3_B,12,0.142870202,56,44,246_vi_3_B,57,44,56,45,56,44,12
246_vi_3_C,246_vi,3,C,3_C,-4,-0.047419225,48,52,246_vi_3_C,46,54,50,50,48,52,-4
246_vi_3_D,246_vi,3,D,3_D,16,0.19121872,58,42,246_vi_3_D,56,44,60,40,58,42,16
246_vi_3_E,246_vi,3,E,3_E,4,0.047419225,52,48,246_vi_3_E,53,48,52,49,52,48,4
246_vi_4_A,246_vi,4,A,4_A,10,0.118882146,55,45,246_vi_4_A,56,45,55,46,55,45,10
246_vi_4_B,246_vi,4,B,4_B,-6,-0.07117638,47,53,246_vi_4_B,48,53,47,54,47,53,-6
246_vi_4_C,246_vi,4,C,4_C,-2,-0.023700122,49,51,246_vi_4_C,50,51,49,52,49,51,-2
246_vi_4_D,246_vi,4,D,4_D,0,0,50,50,246_vi_4_D,48,52,52,48,50,50,0
246_vi_4_E,246_vi,4,E,4_E,6,0.07117638,53,47,246_vi_4_E,51,49,55,45,53,47,6
246_vi_5_A,246_vi,5,A,5_A,8,0.094990842,54,46,246_vi_5_A,53,47,55,45,54,46,8
246_vi_5_B,246_vi,5,B,5_B,0,0,50,50,246_vi_5_B,51,50,50,51,50,50,0
246_vi_5_C,246_vi,5,C,5_C,2,0.023700122,51,49,246_vi_5_C,52,49,51,50,51,49,2
246_vi_5_D,246_vi,5,D,5_D,10,0.118882146,55,45,246_vi_5_D,56,45,55,46,55,45,10
246_vi_5_E,246_vi,5,E,5_E,10,0.118882146,55,45,246_vi_5_E,56,45,55,46,55,45,10
249_i_1_A,249_i,1,A,1_A,84,1.446905122,92,8,249_i_1_A,90,10,94,6,92,8,84
249_i_1_B,249_i,1,B,1_B,48,0.619656928,74,26,249_i_1_B,72,28,76,24,74,26,48
249_i_1_C,249_i,1,C,1_C,50,0.650844341,75,25,249_i_1_C,76,25,75,26,75,25,50
249_i_1_D,249_i,1,D,1_D,70,1.027619382,85,15,249_i_1_D,86,15,85,16,85,15,70
249_i_1_E,249_i,1,E,1_E,82,1.370652975,91,9,249_i_1_E,92,9,91,10,91,9,82
249_i_2_A,249_i,2,A,2_A,82,1.370652975,91,9,249_i_2_A,92,9,91,10,91,9,82
249_i_2_B,249_i,2,B,2_B,80,1.301688683,90,10,249_i_2_B,88,12,92,8,90,10,80
249_i_2_C,249_i,2,C,2_C,42,0.530447043,71,29,249_i_2_C,69,31,73,27,71,29,42
249_i_2_D,249_i,2,D,2_D,54,0.715832618,77,23,249_i_2_D,76,24,78,22,77,23,54
249_i_2_E,249_i,2,E,2_E,80,1.301688683,90,10,249_i_2_E,91,10,90,11,90,10,80
249_i_3_A,249_i,3,A,3_A,78,1.238605308,89,11,249_i_3_A,90,11,89,12,89,11,78
249_i_3_B,249_i,3,B,3_B,40,0.50195963,70,30,249_i_3_B,71,30,70,31,70,30,40
249_i_3_C,249_i,3,C,3_C,46,0.589238334,73,27,249_i_3_C,74,27,73,28,73,27,46
249_i_3_D,249_i,3,D,3_D,74,1.126173688,87,13,249_i_3_D,85,15,89,11,87,13,74
249_i_3_E,249_i,3,E,3_E,78,1.238605308,89,11,249_i_3_E,87,13,91,9,89,11,78
249_i_4_A,249_i,4,A,4_A,82,1.370652975,91,9,249_i_4_A,92,9,91,10,91,9,82
249_i_4_B,249_i,4,B,4_B,42,0.530447043,71,29,249_i_4_B,69,31,73,27,71,29,42
249_i_4_C,249_i,4,C,4_C,46,0.589238334,73,27,249_i_4_C,71,29,75,25,73,27,46
249_i_4_D,249_i,4,D,4_D,82,1.370652975,91,9,249_i_4_D,92,8,90,10,91,9,82
249_i_4_E,249_i,4,E,4_E,78,1.238605308,89,11,249_i_4_E,91,9,87,13,89,11,78
249_i_5_A,249_i,5,A,5_A,76,1.180363548,88,12,249_i_5_A,90,10,86,14,88,12,76
249_i_5_B,249_i,5,B,5_B,38,0.474009916,69,31,249_i_5_B,67,33,71,29,69,31,38
249_i_5_C,249_i,5,C,5_C,40,0.50195963,70,30,249_i_5_C,68,32,72,28,70,30,40
249_i_5_D,249_i,5,D,5_D,74,1.126173688,87,13,249_i_5_D,88,12,86,14,87,13,74
249_i_5_E,249_i,5,E,5_E,78,1.238605308,89,11,249_i_5_E,90,11,89,12,89,11,78
251_vi_1_A,251_vi,1,A,1_A,88,1.630075694,94,6,251_vi_1_A,96,4,92,8,94,6,88
251_vi_1_B,251_vi,1,B,1_B,46,0.589238334,73,27,251_vi_1_B,74,26,72,28,73,27,46
251_vi_1_C,251_vi,1,C,1_C,44,0.559521771,72,28,251_vi_1_C,73,27,71,29,72,28,44
251_vi_1_D,251_vi,1,D,1_D,90,1.744356465,95,5,251_vi_1_D,94,6,96,4,95,5,90
251_vi_1_E,251_vi,1,E,1_E,82,1.370652975,91,9,251_vi_1_E,92,8,90,10,91,9,82
251_vi_2_A,251_vi,2,A,2_A,86,1.532416977,93,7,251_vi_2_A,95,5,91,9,93,7,86
251_vi_2_B,251_vi,2,B,2_B,60,0.82127412,80,20,251_vi_2_B,81,19,79,21,80,20,60
251_vi_2_C,251_vi,2,C,2_C,62,0.859020901,81,19,251_vi_2_C,82,18,80,20,81,19,62
251_vi_2_D,251_vi,2,D,2_D,86,1.532416977,93,7,251_vi_2_D,92,8,94,6,93,7,86
251_vi_2_E,251_vi,2,E,2_E,88,1.630075694,94,6,251_vi_2_E,95,5,93,7,94,6,88
251_vi_3_A,251_vi,3,A,3_A,86,1.532416977,93,7,251_vi_3_A,92,8,94,6,93,7,86
251_vi_3_B,251_vi,3,B,3_B,56,0.749811199,78,22,251_vi_3_B,79,21,77,23,78,22,56
251_vi_3_C,251_vi,3,C,3_C,62,0.859020901,81,19,251_vi_3_C,79,21,83,17,81,19,62
251_vi_3_D,251_vi,3,D,3_D,86,1.532416977,93,7,251_vi_3_D,91,9,95,5,93,7,86
251_vi_3_E,251_vi,3,E,3_E,80,1.301688683,90,10,251_vi_3_E,91,10,90,11,90,10,80
251_vi_4_A,251_vi,4,A,4_A,88,1.630075694,94,6,251_vi_4_A,95,6,94,7,94,6,88
251_vi_4_B,251_vi,4,B,4_B,46,0.589238334,73,27,251_vi_4_B,74,27,73,28,73,27,46
251_vi_4_C,251_vi,4,C,4_C,58,0.78491768,79,21,251_vi_4_C,80,21,79,22,79,21,58
251_vi_4_D,251_vi,4,D,4_D,84,1.446905122,92,8,251_vi_4_D,90,10,94,6,92,8,84
251_vi_4_E,251_vi,4,E,4_E,84,1.446905122,92,8,251_vi_4_E,90,10,94,6,92,8,84
251_vi_5_A,251_vi,5,A,5_A,80,1.301688683,90,10,251_vi_5_A,89,11,91,9,90,10,80
251_vi_5_B,251_vi,5,B,5_B,52,0.682875064,76,24,251_vi_5_B,77,24,76,25,76,24,52
251_vi_5_C,251_vi,5,C,5_C,52,0.682875064,76,24,251_vi_5_C,77,24,76,25,76,24,52
251_vi_5_D,251_vi,5,D,5_D,88,1.630075694,94,6,251_vi_5_D,95,6,94,7,94,6,88
251_vi_5_E,251_vi,5,E,5_E,80,1.301688683,90,10,251_vi_5_E,91,10,90,11,90,10,80
253_i_1_A,253_i,1,A,1_A,99,3.135881082,99.5,0.5,253_i_1_A,98,3,102,-2,100,1,99
253_i_1_B,253_i,1,B,1_B,84,1.446905122,92,8,253_i_1_B,90,10,94,6,92,8,84
253_i_1_C,253_i,1,C,1_C,84,1.446905122,92,8,253_i_1_C,91,9,93,7,92,8,84
253_i_1_D,253_i,1,D,1_D,98,2.722259512,99,1,253_i_1_D,100,1,99,2,99,1,98
253_i_1_E,253_i,1,E,1_E,96,2.305607943,98,2,253_i_1_E,99,2,98,3,98,2,96
253_i_2_A,253_i,2,A,2_A,98,2.722259512,99,1,253_i_2_A,100,1,99,2,99,1,98
253_i_2_B,253_i,2,B,2_B,76,1.180363548,88,12,253_i_2_B,89,12,88,13,88,12,76
253_i_2_C,253_i,2,C,2_C,78,1.238605308,89,11,253_i_2_C,87,13,91,9,89,11,78
253_i_2_D,253_i,2,D,2_D,98,2.722259512,99,1,253_i_2_D,97,3,101,-1,99,1,98
253_i_2_E,253_i,2,E,2_E,99,3.135881082,99.5,0.5,253_i_2_E,100,1,100,1,100,1,99
253_i_3_A,253_i,3,A,3_A,99,3.135881082,99.5,0.5,253_i_3_A,98,3,102,-2,100,1,99
253_i_3_B,253_i,3,B,3_B,78,1.238605308,89,11,253_i_3_B,87,13,91,9,89,11,78
253_i_3_C,253_i,3,C,3_C,80,1.301688683,90,10,253_i_3_C,91,9,89,11,90,10,80
253_i_3_D,253_i,3,D,3_D,99,3.135881082,99.5,0.5,253_i_3_D,100,1,100,1,100,1,99
253_i_3_E,253_i,3,E,3_E,99,3.135881082,99.5,0.5,253_i_3_E,100,1,100,1,100,1,99
253_i_4_A,253_i,4,A,4_A,99,3.135881082,99.5,0.5,253_i_4_A,100,1,100,1,100,1,99
253_i_4_B,253_i,4,B,4_B,80,1.301688683,90,10,253_i_4_B,88,12,92,8,90,10,80
253_i_4_C,253_i,4,C,4_C,84,1.446905122,92,8,253_i_4_C,93,7,91,9,92,8,84
253_i_4_D,253_i,4,D,4_D,99,3.135881082,99.5,0.5,253_i_4_D,100,1,100,1,100,1,99
253_i_4_E,253_i,4,E,4_E,98,2.722259512,99,1,253_i_4_E,99,1,99,1,99,1,98
253_i_5_A,253_i,5,A,5_A,98,2.722259512,99,1,253_i_5_A,99,1,99,1,99,1,98
253_i_5_B,253_i,5,B,5_B,76,1.180363548,88,12,253_i_5_B,89,11,87,13,88,12,76
253_i_5_C,253_i,5,C,5_C,78,1.238605308,89,11,253_i_5_C,88,12,90,10,89,11,78
253_i_5_D,253_i,5,D,5_D,96,2.305607943,98,2,253_i_5_D,99,1,97,3,98,2,96
253_i_5_E,253_i,5,E,5_E,98,2.722259512,99,1,253_i_5_E,99,1,99,1,99,1,98
262_vi_1_A,262_vi,1,A,1_A,22,0.265091872,61,39,262_vi_1_A,62,38,60,40,61,39,22
262_vi_1_B,262_vi,1,B,1_B,-10,-0.118924027,45,55,262_vi_1_B,46,54,44,56,45,55,-10
262_vi_1_C,262_vi,1,C,1_C,0,0,50,50,262_vi_1_C,49,51,51,49,50,50,0
262_vi_1_D,262_vi,1,D,1_D,10,0.118924027,55,45,262_vi_1_D,56,44,54,46,55,45,10
262_vi_1_E,262_vi,1,E,1_E,10,0.118924027,55,45,262_vi_1_E,54,46,56,44,55,45,10
262_vi_2_A,262_vi,2,A,2_A,20,0.240291904,60,40,262_vi_2_A,61,39,59,41,60,40,20
262_vi_2_B,262_vi,2,B,2_B,-10,-0.118924027,45,55,262_vi_2_B,43,57,47,53,45,55,-10
262_vi_2_C,262_vi,2,C,2_C,2,0.023708472,51,49,262_vi_2_C,49,51,53,47,51,49,2
262_vi_2_D,262_vi,2,D,2_D,22,0.265091872,61,39,262_vi_2_D,62,39,61,40,61,39,22
262_vi_2_E,262_vi,2,E,2_E,26,0.315409117,63,37,262_vi_2_E,64,37,63,38,63,37,26
262_vi_3_A,262_vi,3,A,3_A,20,0.240291904,60,40,262_vi_3_A,61,40,60,41,60,40,20
262_vi_3_B,262_vi,3,B,3_B,-8,-0.095024306,46,54,262_vi_3_B,47,54,46,55,46,54,-8
262_vi_3_C,262_vi,3,C,3_C,-4,-0.04743593,48,52,262_vi_3_C,46,54,50,50,48,52,-4
262_vi_3_D,262_vi,3,D,3_D,24,0.290122313,62,38,262_vi_3_D,60,40,64,36,62,38,24
262_vi_3_E,262_vi,3,E,3_E,16,0.191286085,58,42,262_vi_3_E,56,44,60,40,58,42,16
262_vi_4_A,262_vi,4,A,4_A,52,0.683115634,76,24,262_vi_4_A,76,24,76,24,76,24,52
262_vi_4_B,262_vi,4,B,4_B,-6,-0.071201455,47,53,262_vi_4_B,48,53,47,54,47,53,-6
262_vi_4_C,262_vi,4,C,4_C,12,0.142920534,56,44,262_vi_4_C,57,44,56,45,56,44,12
262_vi_4_D,262_vi,4,D,4_D,28,0.340979638,64,36,262_vi_4_D,65,36,64,37,64,36,28
262_vi_4_E,262_vi,4,E,4_E,24,0.290122313,62,38,262_vi_4_E,63,38,62,39,62,38,24
262_vi_5_A,262_vi,5,A,5_A,34,0.419693662,67,33,262_vi_5_A,65,35,69,31,67,33,34
262_vi_5_B,262_vi,5,B,5_B,-20,-0.240291904,40,60,262_vi_5_B,38,62,42,58,40,60,-20
262_vi_5_C,262_vi,5,C,5_C,4,0.04743593,52,48,262_vi_5_C,51,49,53,47,52,48,4
262_vi_5_D,262_vi,5,D,5_D,16,0.191286085,58,42,262_vi_5_D,59,42,58,43,58,42,16
262_vi_5_E,262_vi,5,E,5_E,24,0.290122313,62,38,262_vi_5_E,63,38,62,39,62,38,24
276_i_1_A,276_i,1,A,1_A,96,2.305607943,98,2,276_i_1_A,99,2,98,3,98,2,96
276_i_1_B,276_i,1,B,1_B,74,1.126173688,87,13,276_i_1_B,88,13,87,14,87,13,74
276_i_1_C,276_i,1,C,1_C,74,1.126173688,87,13,276_i_1_C,85,15,89,11,87,13,74
276_i_1_D,276_i,1,D,1_D,94,2.059324464,97,3,276_i_1_D,95,5,99,1,97,3,94
276_i_1_E,276_i,1,E,1_E,96,2.305607943,98,2,276_i_1_E,99,2,98,3,98,2,96
276_i_2_A,276_i,2,A,2_A,94,2.059324464,97,3,276_i_2_A,95,5,99,1,97,3,94
276_i_2_B,276_i,2,B,2_B,84,1.446905122,92,8,276_i_2_B,90,10,94,6,92,8,84
276_i_2_C,276_i,2,C,2_C,80,1.301688683,90,10,276_i_2_C,91,9,89,11,90,10,80
276_i_2_D,276_i,2,D,2_D,96,2.305607943,98,2,276_i_2_D,98,2,98,2,98,2,96
276_i_2_E,276_i,2,E,2_E,98,2.722259512,99,1,276_i_2_E,99,1,99,1,99,1,98
276_i_3_A,276_i,3,A,3_A,96,2.305607943,98,2,276_i_3_A,98,2,98,2,98,2,96
276_i_3_B,276_i,3,B,3_B,76,1.180363548,88,12,276_i_3_B,86,14,90,10,88,12,76
276_i_3_C,276_i,3,C,3_C,80,1.301688683,90,10,276_i_3_C,91,9,89,11,90,10,80
276_i_3_D,276_i,3,D,3_D,96,2.305607943,98,2,276_i_3_D,99,2,98,3,98,2,96
276_i_3_E,276_i,3,E,3_E,99,3.135881082,99.5,0.5,276_i_3_E,100,1,100,1,100,1,99
276_i_4_A,276_i,4,A,4_A,99,3.135881082,99.5,0.5,276_i_4_A,100,1,100,1,100,1,99
276_i_4_B,276_i,4,B,4_B,72,1.075421434,86,14,276_i_4_B,87,13,85,15,86,14,72
276_i_4_C,276_i,4,C,4_C,76,1.180363548,88,12,276_i_4_C,87,13,89,11,88,12,76
276_i_4_D,276_i,4,D,4_D,99,3.135881082,99.5,0.5,276_i_4_D,100,1,100,1,100,1,99
276_i_4_E,276_i,4,E,4_E,96,2.305607943,98,2,276_i_4_E,98,2,98,2,98,2,96
276_i_5_A,276_i,5,A,5_A,92,1.882755521,96,4,276_i_5_A,97,3,95,5,96,4,92
276_i_5_B,276_i,5,B,5_B,74,1.126173688,87,13,276_i_5_B,88,12,86,14,87,13,74
276_i_5_C,276_i,5,C,5_C,68,0.982374193,84,16,276_i_5_C,83,17,85,15,84,16,68
276_i_5_D,276_i,5,D,5_D,96,2.305607943,98,2,276_i_5_D,99,1,97,3,98,2,96
276_i_5_E,276_i,5,E,5_E,98,2.722259512,99,1,276_i_5_E,99,1,99,1,99,1,98
286_vi_1_A,286_vi,1,A,1_A,89,1.684766167,94.5,5.5,286_vi_1_A,96,5,94,7,95,6,89
286_vi_1_B,286_vi,1,B,1_B,77,1.208933406,88.5,11.5,286_vi_1_B,87,14,91,10,89,12,77
286_vi_1_C,286_vi,1,C,1_C,73,1.100400853,86.5,13.5,286_vi_1_C,85,16,89,12,87,14,73
286_vi_1_D,286_vi,1,D,1_D,93,1.964940264,96.5,3.5,286_vi_1_D,97,3,96,4,97,4,93
286_vi_1_E,286_vi,1,E,1_E,92,1.882755521,96,4,286_vi_1_E,97,4,96,5,96,4,92
286_vi_2_A,286_vi,2,A,2_A,87,1.579496866,93.5,6.5,286_vi_2_A,94,6,93,7,94,7,87
286_vi_2_B,286_vi,2,B,2_B,75,1.152803971,87.5,12.5,286_vi_2_B,88,12,87,13,88,13,75
286_vi_2_C,286_vi,2,C,2_C,85,1.488350273,92.5,7.5,286_vi_2_C,91,10,95,6,93,8,85
286_vi_2_D,286_vi,2,D,2_D,97,2.479052609,98.5,1.5,286_vi_2_D,99,2,99,2,99,2,97
286_vi_2_E,286_vi,2,E,2_E,89,1.684766167,94.5,5.5,286_vi_2_E,94,7,96,5,95,6,89
286_vi_3_A,286_vi,3,A,3_A,84,1.446905122,92,8,286_vi_3_A,94,6,90,10,92,8,84
286_vi_3_B,286_vi,3,B,3_B,66,0.939363725,83,17,286_vi_3_B,84,16,82,18,83,17,66
286_vi_3_C,286_vi,3,C,3_C,82,1.370652975,91,9,286_vi_3_C,92,9,91,10,91,9,82
286_vi_3_D,286_vi,3,D,3_D,85,1.488350273,92.5,7.5,286_vi_3_D,94,7,92,9,93,8,85
286_vi_3_E,286_vi,3,E,3_E,81,1.3353582,90.5,9.5,286_vi_3_E,91,10,91,10,91,10,81
286_vi_4_A,286_vi,4,A,4_A,90,1.744356465,95,5,286_vi_4_A,93,7,97,3,95,5,90
286_vi_4_B,286_vi,4,B,4_B,61,0.839964126,80.5,19.5,286_vi_4_B,80,21,82,19,81,20,61
286_vi_4_C,286_vi,4,C,4_C,74,1.126173688,87,13,286_vi_4_C,88,13,87,14,87,13,74
286_vi_4_D,286_vi,4,D,4_D,94,2.059324464,97,3,286_vi_4_D,98,3,97,4,97,3,94
286_vi_4_E,286_vi,4,E,4_E,94,2.059324464,97,3,286_vi_4_E,98,3,97,4,97,3,94
286_vi_5_A,286_vi,5,A,5_A,93,1.964940264,96.5,3.5,286_vi_5_A,98,3,96,5,97,4,93
286_vi_5_B,286_vi,5,B,5_B,73,1.100400853,86.5,13.5,286_vi_5_B,89,12,85,16,87,14,73
286_vi_5_C,286_vi,5,C,5_C,86,1.532416977,93,7,286_vi_5_C,94,6,92,8,93,7,86
286_vi_5_D,286_vi,5,D,5_D,94,2.059324464,97,3,286_vi_5_D,98,2,96,4,97,3,94
286_vi_5_E,286_vi,5,E,5_E,92,1.882755521,96,4,286_vi_5_E,98,2,94,6,96,4,92
29_i_1_A,29_i,1,A,1_A,74,1.126570428,87,13,29_i_1_A,88,12,86,14,87,13,74
29_i_1_B,29_i,1,B,1_B,50,0.651073627,75,25,29_i_1_B,76,25,75,26,75,25,50
29_i_1_C,29_i,1,C,1_C,44,0.559718885,72,28,29_i_1_C,73,28,72,29,72,28,44
29_i_1_D,29_i,1,D,1_D,78,1.239041656,89,11,29_i_1_D,90,10,88,12,89,11,78
29_i_1_E,29_i,1,E,1_E,70,1.027981402,85,15,29_i_1_E,86,14,84,16,85,15,70
29_i_2_A,29_i,2,A,2_A,80,1.302147255,90,10,29_i_2_A,91,9,89,11,90,10,80
29_i_2_B,29_i,2,B,2_B,32,0.393089879,66,34,29_i_2_B,67,33,65,35,66,34,32
29_i_2_C,29_i,2,C,2_C,32,0.393089879,66,34,29_i_2_C,67,33,65,35,66,34,32
29_i_2_D,29_i,2,D,2_D,80,1.302147255,90,10,29_i_2_D,91,9,89,11,90,10,80
29_i_2_E,29_i,2,E,2_E,80,1.302147255,90,10,29_i_2_E,91,9,89,11,90,10,80
29_i_3_A,29_i,3,A,3_A,80,1.302147255,90,10,29_i_3_A,89,11,91,9,90,10,80
29_i_3_B,29_i,3,B,3_B,36,0.44670986,68,32,29_i_3_B,69,31,67,33,68,32,36
29_i_3_C,29_i,3,C,3_C,42,0.530633915,71,29,29_i_3_C,72,28,70,30,71,29,42
29_i_3_D,29_i,3,D,3_D,78,1.239041656,89,11,29_i_3_D,90,10,88,12,89,11,78
29_i_3_E,29_i,3,E,3_E,74,1.126570428,87,13,29_i_3_E,88,12,86,14,87,13,74
29_i_4_A,29_i,4,A,4_A,78,1.239041656,89,11,29_i_4_A,90,10,88,12,89,11,78
29_i_4_B,29_i,4,B,4_B,32,0.393089879,66,34,29_i_4_B,67,33,65,35,66,34,32
29_i_4_C,29_i,4,C,4_C,40,0.502136465,70,30,29_i_4_C,71,30,70,31,70,30,40
29_i_4_D,29_i,4,D,4_D,74,1.126570428,87,13,29_i_4_D,88,12,86,14,87,13,74
29_i_4_E,29_i,4,E,4_E,70,1.027981402,85,15,29_i_4_E,86,14,84,16,85,15,70
29_i_5_A,29_i,5,A,5_A,72,1.075800294,86,14,29_i_5_A,87,13,85,15,86,14,72
29_i_5_B,29_i,5,B,5_B,28,0.340979638,64,36,29_i_5_B,65,35,63,37,64,36,28
29_i_5_C,29_i,5,C,5_C,40,0.502136465,70,30,29_i_5_C,71,29,69,31,70,30,40
29_i_5_D,29_i,5,D,5_D,70,1.027981402,85,15,29_i_5_D,86,14,84,16,85,15,70
29_i_5_E,29_i,5,E,5_E,72,1.075800294,86,14,29_i_5_E,87,13,85,15,86,14,72
328_i_1_A,328_i,1,A,1_A,90,1.744970984,95,5,328_i_1_A,94,6,96,4,95,5,90
328_i_1_B,328_i,1,B,1_B,56,0.75007535,78,22,328_i_1_B,79,21,77,23,78,22,56
328_i_1_C,328_i,1,C,1_C,62,0.859323525,81,19,328_i_1_C,82,18,80,20,81,19,62
328_i_1_D,328_i,1,D,1_D,74,1.126570428,87,13,328_i_1_D,88,12,86,14,87,13,74
328_i_1_E,328_i,1,E,1_E,92,1.883418797,96,4,328_i_1_E,97,3,95,5,96,4,92
328_i_2_A,328_i,2,A,2_A,82,1.371135842,91,9,328_i_2_A,92,8,90,10,91,9,82
328_i_2_B,328_i,2,B,2_B,62,0.859323525,81,19,328_i_2_B,82,18,80,20,81,19,62
328_i_2_C,328_i,2,C,2_C,84,1.447414852,92,8,328_i_2_C,93,8,92,9,92,8,84
328_i_2_D,328_i,2,D,2_D,80,1.302147255,90,10,328_i_2_D,91,9,89,11,90,10,80
328_i_2_E,328_i,2,E,2_E,78,1.239041656,89,11,328_i_2_E,90,10,88,12,89,11,78
328_i_3_A,328_i,3,A,3_A,86,1.532956832,93,7,328_i_3_A,94,6,92,8,93,7,86
328_i_3_B,328_i,3,B,3_B,60,0.821563446,80,20,328_i_3_B,81,19,79,21,80,20,60
328_i_3_C,328_i,3,C,3_C,90,1.744970984,95,5,328_i_3_C,96,4,94,6,95,5,90
328_i_3_D,328_i,3,D,3_D,90,1.744970984,95,5,328_i_3_D,96,4,94,6,95,5,90
328_i_3_E,328_i,3,E,3_E,94,2.060049943,97,3,328_i_3_E,98,2,96,4,97,3,94
328_i_4_A,328_i,4,A,4_A,84,1.447414852,92,8,328_i_4_A,91,9,93,7,92,8,84
328_i_4_B,328_i,4,B,4_B,54,0.716084799,77,23,328_i_4_B,78,22,76,24,77,23,54
328_i_4_C,328_i,4,C,4_C,68,0.982720273,84,16,328_i_4_C,85,15,83,17,84,16,68
328_i_4_D,328_i,4,D,4_D,80,1.302147255,90,10,328_i_4_D,91,9,89,11,90,10,80
328_i_4_E,328_i,4,E,4_E,72,1.075800294,86,14,328_i_4_E,87,13,85,15,86,14,72
328_i_5_A,328_i,5,A,5_A,88,1.630649953,94,6,328_i_5_A,95,5,93,7,94,6,88
328_i_5_B,328_i,5,B,5_B,76,1.180779378,88,12,328_i_5_B,89,11,87,13,88,12,76
328_i_5_C,328_i,5,C,5_C,76,1.180779378,88,12,328_i_5_C,89,11,87,13,88,12,76
328_i_5_D,328_i,5,D,5_D,74,1.126570428,87,13,328_i_5_D,88,12,86,14,87,13,74
328_i_5_E,328_i,5,E,5_E,80,1.302147255,90,10,328_i_5_E,91,9,89,11,90,10,80
365_i_1_A,365_i,1,A,1_A,78,1.239041656,89,11,365_i_1_A,88,12,90,10,89,11,78
365_i_1_B,365_i,1,B,1_B,36,0.44670986,68,32,365_i_1_B,69,31,67,33,68,32,36
365_i_1_C,365_i,1,C,1_C,44,0.559718885,72,28,365_i_1_C,73,27,71,29,72,28,44
365_i_1_D,365_i,1,D,1_D,82,1.371135842,91,9,365_i_1_D,92,8,90,10,91,9,82
365_i_1_E,365_i,1,E,1_E,84,1.447414852,92,8,365_i_1_E,93,7,91,9,92,8,84
365_i_2_A,365_i,2,A,2_A,76,1.180779378,88,12,365_i_2_A,89,11,87,13,88,12,76
365_i_2_B,365_i,2,B,2_B,44,0.559718885,72,28,365_i_2_B,73,27,71,29,72,28,44
365_i_2_C,365_i,2,C,2_C,52,0.683115634,76,24,365_i_2_C,77,24,76,25,76,24,52
365_i_2_D,365_i,2,D,2_D,80,1.302147255,90,10,365_i_2_D,91,9,89,11,90,10,80
365_i_2_E,365_i,2,E,2_E,82,1.371135842,91,9,365_i_2_E,92,8,90,10,91,9,82
365_i_3_A,365_i,3,A,3_A,84,1.447414852,92,8,365_i_3_A,93,7,91,9,92,8,84
365_i_3_B,365_i,3,B,3_B,58,0.785194199,79,21,365_i_3_B,80,20,78,22,79,21,58
365_i_3_C,365_i,3,C,3_C,54,0.716084799,77,23,365_i_3_C,78,22,76,24,77,23,54
365_i_3_D,365_i,3,D,3_D,84,1.447414852,92,8,365_i_3_D,93,7,91,9,92,8,84
365_i_3_E,365_i,3,E,3_E,84,1.447414852,92,8,365_i_3_E,93,7,91,9,92,8,84
365_i_4_A,365_i,4,A,4_A,78,1.239041656,89,11,365_i_4_A,90,10,88,12,89,11,78
365_i_4_B,365_i,4,B,4_B,40,0.502136465,70,30,365_i_4_B,71,29,69,31,70,30,40
365_i_4_C,365_i,4,C,4_C,46,0.589445917,73,27,365_i_4_C,74,26,72,28,73,27,46
365_i_4_D,365_i,4,D,4_D,86,1.532956832,93,7,365_i_4_D,94,6,92,8,93,7,86
365_i_4_E,365_i,4,E,4_E,82,1.371135842,91,9,365_i_4_E,92,9,91,10,91,9,82
365_i_5_A,365_i,5,A,5_A,76,1.180779378,88,12,365_i_5_A,89,11,87,13,88,12,76
365_i_5_B,365_i,5,B,5_B,38,0.474176905,69,31,365_i_5_B,69,31,69,31,69,31,38
365_i_5_C,365_i,5,C,5_C,46,0.589445917,73,27,365_i_5_C,71,29,75,25,73,27,46
365_i_5_D,365_i,5,D,5_D,78,1.239041656,89,11,365_i_5_D,88,12,90,10,89,11,78
365_i_5_E,365_i,5,E,5_E,82,1.371135842,91,9,365_i_5_E,92,9,91,10,91,9,82
365_vi_1_A,365_vi,1,A,1_A,76,1.180363548,88,12,365_vi_1_A,89,12,88,13,88,12,76
365_vi_1_B,365_vi,1,B,1_B,36,0.446552544,68,32,365_vi_1_B,66,34,70,30,68,32,36
365_vi_1_C,365_vi,1,C,1_C,42,0.530447043,71,29,365_vi_1_C,69,31,73,27,71,29,42
365_vi_1_D,365_vi,1,D,1_D,78,1.238605308,89,11,365_vi_1_D,90,10,88,12,89,11,78
365_vi_1_E,365_vi,1,E,1_E,80,1.301688683,90,10,365_vi_1_E,91,10,90,11,90,10,80
365_vi_2_A,365_vi,2,A,2_A,78,1.238605308,89,11,365_vi_2_A,91,9,87,13,89,11,78
365_vi_2_B,365_vi,2,B,2_B,42,0.530447043,71,29,365_vi_2_B,72,28,70,30,71,29,42
365_vi_2_C,365_vi,2,C,2_C,46,0.589238334,73,27,365_vi_2_C,74,27,73,28,73,27,46
365_vi_2_D,365_vi,2,D,2_D,70,1.027619382,85,15,365_vi_2_D,86,14,84,16,85,15,70
365_vi_2_E,365_vi,2,E,2_E,74,1.126173688,87,13,365_vi_2_E,87,13,87,13,87,13,74
365_vi_3_A,365_vi,3,A,3_A,82,1.370652975,91,9,365_vi_3_A,93,7,89,11,91,9,82
365_vi_3_B,365_vi,3,B,3_B,48,0.619656928,74,26,365_vi_3_B,72,28,76,24,74,26,48
365_vi_3_C,365_vi,3,C,3_C,54,0.715832618,77,23,365_vi_3_C,78,22,76,24,77,23,54
365_vi_3_D,365_vi,3,D,3_D,74,1.126173688,87,13,365_vi_3_D,88,13,87,14,87,13,74
365_vi_3_E,365_vi,3,E,3_E,80,1.301688683,90,10,365_vi_3_E,92,8,88,12,90,10,80
365_vi_4_A,365_vi,4,A,4_A,76,1.180363548,88,12,365_vi_4_A,89,11,87,13,88,12,76
365_vi_4_B,365_vi,4,B,4_B,38,0.474009916,69,31,365_vi_4_B,70,31,69,32,69,31,38
365_vi_4_C,365_vi,4,C,4_C,40,0.50195963,70,30,365_vi_4_C,71,29,69,31,70,30,40
365_vi_4_D,365_vi,4,D,4_D,80,1.301688683,90,10,365_vi_4_D,89,11,91,9,90,10,80
365_vi_4_E,365_vi,4,E,4_E,76,1.180363548,88,12,365_vi_4_E,89,12,88,13,88,12,76
365_vi_5_A,365_vi,5,A,5_A,76,1.180363548,88,12,365_vi_5_A,90,10,86,14,88,12,76
365_vi_5_B,365_vi,5,B,5_B,38,0.474009916,69,31,365_vi_5_B,70,30,68,32,69,31,38
365_vi_5_C,365_vi,5,C,5_C,44,0.559521771,72,28,365_vi_5_C,73,28,72,29,72,28,44
365_vi_5_D,365_vi,5,D,5_D,76,1.180363548,88,12,365_vi_5_D,89,12,88,13,88,12,76
365_vi_5_E,365_vi,5,E,5_E,78,1.238605308,89,11,365_vi_5_E,87,13,91,9,89,11,78
371_i_1_A,371_i,1,A,1_A,78,1.239041656,89,11,371_i_1_A,87,13,91,9,89,11,78
371_i_1_B,371_i,1,B,1_B,50,0.651073627,75,25,371_i_1_B,76,24,74,26,75,25,50
371_i_1_C,371_i,1,C,1_C,60,0.821563446,80,20,371_i_1_C,81,20,80,21,80,20,60
371_i_1_D,371_i,1,D,1_D,80,1.302147255,90,10,371_i_1_D,92,8,88,12,90,10,80
371_i_1_E,371_i,1,E,1_E,84,1.447414852,92,8,371_i_1_E,93,7,91,9,92,8,84
371_i_2_A,371_i,2,A,2_A,68,0.982720273,84,16,371_i_2_A,85,15,83,17,84,16,68
371_i_2_B,371_i,2,B,2_B,40,0.502136465,70,30,371_i_2_B,69,31,71,29,70,30,40
371_i_2_C,371_i,2,C,2_C,60,0.821563446,80,20,371_i_2_C,81,19,79,21,80,20,60
371_i_2_D,371_i,2,D,2_D,74,1.126570428,87,13,371_i_2_D,85,15,89,11,87,13,74
371_i_2_E,371_i,2,E,2_E,80,1.302147255,90,10,371_i_2_E,89,11,91,9,90,10,80
371_i_3_A,371_i,3,A,3_A,74,1.126570428,87,13,371_i_3_A,88,13,87,14,87,13,74
371_i_3_B,371_i,3,B,3_B,68,0.982720273,84,16,371_i_3_B,85,16,84,17,84,16,68
371_i_3_C,371_i,3,C,3_C,72,1.075800294,86,14,371_i_3_C,84,16,88,12,86,14,72
371_i_3_D,371_i,3,D,3_D,74,1.126570428,87,13,371_i_3_D,85,15,89,11,87,13,74
371_i_3_E,371_i,3,E,3_E,74,1.126570428,87,13,371_i_3_E,88,12,86,14,87,13,74
371_i_4_A,371_i,4,A,4_A,84,1.447414852,92,8,371_i_4_A,93,8,92,9,92,8,84
371_i_4_B,371_i,4,B,4_B,20,0.240291904,60,40,371_i_4_B,62,38,58,42,60,40,20
371_i_4_C,371_i,4,C,4_C,44,0.559718885,72,28,371_i_4_C,73,27,71,29,72,28,44
371_i_4_D,371_i,4,D,4_D,62,0.859323525,81,19,371_i_4_D,82,19,81,20,81,19,62
371_i_4_E,371_i,4,E,4_E,74,1.126570428,87,13,371_i_4_E,88,12,86,14,87,13,74
371_i_5_A,371_i,5,A,5_A,76,1.180779378,88,12,371_i_5_A,88,12,88,12,88,12,76
371_i_5_B,371_i,5,B,5_B,50,0.651073627,75,25,371_i_5_B,73,27,77,23,75,25,50
371_i_5_C,371_i,5,C,5_C,58,0.785194199,79,21,371_i_5_C,78,22,80,20,79,21,58
371_i_5_D,371_i,5,D,5_D,80,1.302147255,90,10,371_i_5_D,91,10,90,11,90,10,80
371_i_5_E,371_i,5,E,5_E,70,1.027981402,85,15,371_i_5_E,86,15,85,16,85,15,70
382_i_1_A,382_i,1,A,1_A,86,1.532416977,93,7,382_i_1_A,91,9,95,5,93,7,86
382_i_1_B,382_i,1,B,1_B,42,0.530447043,71,29,382_i_1_B,69,31,73,27,71,29,42
382_i_1_C,382_i,1,C,1_C,60,0.82127412,80,20,382_i_1_C,81,19,79,21,80,20,60
382_i_1_D,382_i,1,D,1_D,84,1.446905122,92,8,382_i_1_D,93,8,92,9,92,8,84
382_i_1_E,382_i,1,E,1_E,78,1.238605308,89,11,382_i_1_E,91,9,87,13,89,11,78
382_i_2_A,382_i,2,A,2_A,88,1.630075694,94,6,382_i_2_A,95,6,94,7,94,6,88
382_i_2_B,382_i,2,B,2_B,46,0.589238334,73,27,382_i_2_B,71,29,75,25,73,27,46
382_i_2_C,382_i,2,C,2_C,56,0.749811199,78,22,382_i_2_C,76,24,80,20,78,22,56
382_i_2_D,382_i,2,D,2_D,92,1.882755521,96,4,382_i_2_D,97,3,95,5,96,4,92
382_i_2_E,382_i,2,E,2_E,78,1.238605308,89,11,382_i_2_E,90,11,89,12,89,11,78
382_i_3_A,382_i,3,A,3_A,76,1.180363548,88,12,382_i_3_A,90,10,86,14,88,12,76
382_i_3_B,382_i,3,B,3_B,50,0.650844341,75,25,382_i_3_B,76,24,74,26,75,25,50
382_i_3_C,382_i,3,C,3_C,58,0.78491768,79,21,382_i_3_C,80,20,78,22,79,21,58
382_i_3_D,382_i,3,D,3_D,80,1.301688683,90,10,382_i_3_D,89,11,91,9,90,10,80
382_i_3_E,382_i,3,E,3_E,80,1.301688683,90,10,382_i_3_E,91,9,89,11,90,10,80
382_i_4_A,382_i,4,A,4_A,90,1.744356465,95,5,382_i_4_A,93,7,97,3,95,5,90
382_i_4_B,382_i,4,B,4_B,44,0.559521771,72,28,382_i_4_B,71,29,73,27,72,28,44
382_i_4_C,382_i,4,C,4_C,40,0.50195963,70,30,382_i_4_C,71,30,70,31,70,30,40
382_i_4_D,382_i,4,D,4_D,82,1.370652975,91,9,382_i_4_D,92,9,91,10,91,9,82
382_i_4_E,382_i,4,E,4_E,84,1.446905122,92,8,382_i_4_E,90,10,94,6,92,8,84
382_i_5_A,382_i,5,A,5_A,84,1.446905122,92,8,382_i_5_A,90,10,94,6,92,8,84
382_i_5_B,382_i,5,B,5_B,38,0.474009916,69,31,382_i_5_B,70,30,68,32,69,31,38
382_i_5_C,382_i,5,C,5_C,44,0.559521771,72,28,382_i_5_C,73,28,72,29,72,28,44
382_i_5_D,382_i,5,D,5_D,78,1.238605308,89,11,382_i_5_D,91,9,87,13,89,11,78
382_i_5_E,382_i,5,E,5_E,80,1.301688683,90,10,382_i_5_E,91,9,89,11,90,10,80
5_i_1_A,5_i,1,A,1_A,92,1.883418797,96,4,5_i_1_A,97,4,96,5,96,4,92
5_i_1_B,5_i,1,B,1_B,76,1.180779378,88,12,5_i_1_B,89,11,87,13,88,12,76
5_i_1_C,5_i,1,C,1_C,80,1.302147255,90,10,5_i_1_C,90,10,90,10,90,10,80
5_i_1_D,5_i,1,D,1_D,86,1.532956832,93,7,5_i_1_D,91,9,95,5,93,7,86
5_i_1_E,5_i,1,E,1_E,86,1.532956832,93,7,5_i_1_E,92,8,94,6,93,7,86
5_i_2_A,5_i,2,A,2_A,88,1.630649953,94,6,5_i_2_A,95,6,94,7,94,6,88
5_i_2_B,5_i,2,B,2_B,74,1.126570428,87,13,5_i_2_B,88,13,87,14,87,13,74
5_i_2_C,5_i,2,C,2_C,78,1.239041656,89,11,5_i_2_C,87,13,91,9,89,11,78
5_i_2_D,5_i,2,D,2_D,84,1.447414852,92,8,5_i_2_D,90,10,94,6,92,8,84
5_i_2_E,5_i,2,E,2_E,92,1.883418797,96,4,5_i_2_E,97,3,95,5,96,4,92
5_i_3_A,5_i,3,A,3_A,84,1.447414852,92,8,5_i_3_A,93,8,92,9,92,8,84
5_i_3_B,5_i,3,B,3_B,44,0.559718885,72,28,5_i_3_B,74,26,70,30,72,28,44
5_i_3_C,5_i,3,C,3_C,70,1.027981402,85,15,5_i_3_C,88,12,82,18,85,15,70
5_i_3_D,5_i,3,D,3_D,94,2.060049943,97,3,5_i_3_D,98,3,97,4,97,3,94
5_i_3_E,5_i,3,E,3_E,92,1.883418797,96,4,5_i_3_E,97,4,96,5,96,4,92
5_i_4_A,5_i,4,A,4_A,96,2.306420185,98,2,5_i_4_A,98,2,98,2,98,2,96
5_i_4_B,5_i,4,B,4_B,80,1.302147255,90,10,5_i_4_B,88,12,92,8,90,10,80
5_i_4_C,5_i,4,C,4_C,72,1.075800294,86,14,5_i_4_C,87,13,85,15,86,14,72
5_i_4_D,5_i,4,D,4_D,92,1.883418797,96,4,5_i_4_D,97,4,96,5,96,4,92
5_i_4_E,5_i,4,E,4_E,96,2.306420185,98,2,5_i_4_E,98,2,98,2,98,2,96
5_i_5_A,5_i,5,A,5_A,80,1.302147255,90,10,5_i_5_A,91,9,89,11,90,10,80
5_i_5_B,5_i,5,B,5_B,72,1.075800294,86,14,5_i_5_B,87,14,86,15,86,14,72
5_i_5_C,5_i,5,C,5_C,52,0.683115634,76,24,5_i_5_C,77,23,75,25,76,24,52
5_i_5_D,5_i,5,D,5_D,90,1.744970984,95,5,5_i_5_D,95,5,95,5,95,5,90
5_i_5_E,5_i,5,E,5_E,90,1.744970984,95,5,5_i_5_E,93,7,97,3,95,5,90
61_i_1_A,61_i,1,A,1_A,82,1.371135842,91,9,61_i_1_A,90,10,92,8,91,9,82
61_i_1_B,61_i,1,B,1_B,36,0.44670986,68,32,61_i_1_B,69,32,68,33,68,32,36
61_i_1_C,61_i,1,C,1_C,44,0.559718885,72,28,61_i_1_C,73,28,72,29,72,28,44
61_i_1_D,61_i,1,D,1_D,82,1.371135842,91,9,61_i_1_D,92,9,91,10,91,9,82
61_i_1_E,61_i,1,E,1_E,84,1.447414852,92,8,61_i_1_E,93,8,92,9,92,8,84
61_i_2_A,61_i,2,A,2_A,80,1.302147255,90,10,61_i_2_A,88,12,92,8,90,10,80
61_i_2_B,61_i,2,B,2_B,42,0.530633915,71,29,61_i_2_B,69,31,73,27,71,29,42
61_i_2_C,61_i,2,C,2_C,42,0.530633915,71,29,61_i_2_C,72,28,70,30,71,29,42
61_i_2_D,61_i,2,D,2_D,82,1.371135842,91,9,61_i_2_D,92,9,91,10,91,9,82
61_i_2_E,61_i,2,E,2_E,86,1.532956832,93,7,61_i_2_E,95,5,91,9,93,7,86
61_i_3_A,61_i,3,A,3_A,60,0.821563446,80,20,61_i_3_A,81,19,79,21,80,20,60
61_i_3_B,61_i,3,B,3_B,44,0.559718885,72,28,61_i_3_B,73,28,72,29,72,28,44
61_i_3_C,61_i,3,C,3_C,50,0.651073627,75,25,61_i_3_C,76,24,74,26,75,25,50
61_i_3_D,61_i,3,D,3_D,82,1.371135842,91,9,61_i_3_D,93,7,89,11,91,9,82
61_i_3_E,61_i,3,E,3_E,80,1.302147255,90,10,61_i_3_E,91,9,89,11,90,10,80
61_i_4_A,61_i,4,A,4_A,70,1.027981402,85,15,61_i_4_A,86,15,85,16,85,15,70
61_i_4_B,61_i,4,B,4_B,33,0.406342506,66.5,33.5,61_i_4_B,68,33,66,35,67,34,33
61_i_4_C,61_i,4,C,4_C,36,0.44670986,68,32,61_i_4_C,68,32,68,32,68,32,36
61_i_4_D,61_i,4,D,4_D,76,1.180779378,88,12,61_i_4_D,86,14,90,10,88,12,76
61_i_4_E,61_i,4,E,4_E,78,1.239041656,89,11,61_i_4_E,88,12,90,10,89,11,78
61_i_5_A,61_i,5,A,5_A,82,1.371135842,91,9,61_i_5_A,92,9,91,10,91,9,82
61_i_5_B,61_i,5,B,5_B,54,0.716084799,77,23,61_i_5_B,78,23,77,24,77,23,54
61_i_5_C,61_i,5,C,5_C,52,0.683115634,76,24,61_i_5_C,77,24,76,25,76,24,52
61_i_5_D,61_i,5,D,5_D,78,1.239041656,89,11,61_i_5_D,90,11,89,12,89,11,78
61_i_5_E,61_i,5,E,5_E,80,1.302147255,90,10,61_i_5_E,88,12,92,8,90,10,80
7_i_1_A,7_i,1,A,1_A,74,1.126570428,87,13,7_i_1_A,85,15,89,11,87,13,74
7_i_1_B,7_i,1,B,1_B,44,0.559718885,72,28,7_i_1_B,73,27,71,29,72,28,44
7_i_1_C,7_i,1,C,1_C,72,1.075800294,86,14,7_i_1_C,88,12,84,16,86,14,72
7_i_1_D,7_i,1,D,1_D,84,1.447414852,92,8,7_i_1_D,93,7,91,9,92,8,84
7_i_1_E,7_i,1,E,1_E,86,1.532956832,93,7,7_i_1_E,94,7,93,8,93,7,86
7_i_2_A,7_i,2,A,2_A,90,1.744970984,95,5,7_i_2_A,96,4,94,6,95,5,90
7_i_2_B,7_i,2,B,2_B,50,0.651073627,75,25,7_i_2_B,75,25,75,25,75,25,50
7_i_2_C,7_i,2,C,2_C,74,1.126570428,87,13,7_i_2_C,85,15,89,11,87,13,74
7_i_2_D,7_i,2,D,2_D,96,2.306420185,98,2,7_i_2_D,97,3,99,1,98,2,96
7_i_2_E,7_i,2,E,2_E,98,2.723218536,99,1,7_i_2_E,100,1,99,2,99,1,98
7_i_3_A,7_i,3,A,3_A,74,1.126570428,87,13,7_i_3_A,88,13,87,14,87,13,74
7_i_3_B,7_i,3,B,3_B,14,0.167034225,57,43,7_i_3_B,58,43,57,44,57,43,14
7_i_3_C,7_i,3,C,3_C,56,0.75007535,78,22,7_i_3_C,79,21,77,23,78,22,56
7_i_3_D,7_i,3,D,3_D,78,1.239041656,89,11,7_i_3_D,91,9,87,13,89,11,78
7_i_3_E,7_i,3,E,3_E,82,1.371135842,91,9,7_i_3_E,92,8,90,10,91,9,82
7_i_4_A,7_i,4,A,4_A,90,1.744970984,95,5,7_i_4_A,96,5,95,6,95,5,90
7_i_4_B,7_i,4,B,4_B,50,0.651073627,75,25,7_i_4_B,76,24,74,26,75,25,50
7_i_4_C,7_i,4,C,4_C,90,1.744970984,95,5,7_i_4_C,95,5,95,5,95,5,90
7_i_4_D,7_i,4,D,4_D,96,2.306420185,98,2,7_i_4_D,98,2,98,2,98,2,96
7_i_4_E,7_i,4,E,4_E,98,2.723218536,99,1,7_i_4_E,99,1,99,1,99,1,98
7_i_5_A,7_i,5,A,5_A,90,1.744970984,95,5,7_i_5_A,96,5,95,6,95,5,90
7_i_5_B,7_i,5,B,5_B,36,0.44670986,68,32,7_i_5_B,69,32,68,33,68,32,36
7_i_5_C,7_i,5,C,5_C,60,0.821563446,80,20,7_i_5_C,81,20,80,21,80,20,60
7_i_5_D,7_i,5,D,5_D,84,1.447414852,92,8,7_i_5_D,90,10,94,6,92,8,84
7_i_5_E,7_i,5,E,5_E,96,2.306420185,98,2,7_i_5_E,98,2,98,2,98,2,96
71_vi_1_A,71_vi,1,A,1_A,90,1.744356465,95,5,71_vi_1_A,96,4,94,6,95,5,90
71_vi_1_B,71_vi,1,B,1_B,60,0.82127412,80,20,71_vi_1_B,82,18,78,22,80,20,60
71_vi_1_C,71_vi,1,C,1_C,60,0.82127412,80,20,71_vi_1_C,81,19,79,21,80,20,60
71_vi_1_D,71_vi,1,D,1_D,84,1.446905122,92,8,71_vi_1_D,94,6,90,10,92,8,84
71_vi_1_E,71_vi,1,E,1_E,76,1.180363548,88,12,71_vi_1_E,89,11,87,13,88,12,76
71_vi_2_A,71_vi,2,A,2_A,90,1.744356465,95,5,71_vi_2_A,96,5,95,6,95,5,90
71_vi_2_B,71_vi,2,B,2_B,56,0.749811199,78,22,71_vi_2_B,79,21,77,23,78,22,56
71_vi_2_C,71_vi,2,C,2_C,62,0.859020901,81,19,71_vi_2_C,81,19,81,19,81,19,62
71_vi_2_D,71_vi,2,D,2_D,90,1.744356465,95,5,71_vi_2_D,93,7,97,3,95,5,90
71_vi_2_E,71_vi,2,E,2_E,78,1.238605308,89,11,71_vi_2_E,88,12,90,10,89,11,78
71_vi_3_A,71_vi,3,A,3_A,78,1.238605308,89,11,71_vi_3_A,90,11,89,12,89,11,78
71_vi_3_B,71_vi,3,B,3_B,58,0.78491768,79,21,71_vi_3_B,80,21,79,22,79,21,58
71_vi_3_C,71_vi,3,C,3_C,60,0.82127412,80,20,71_vi_3_C,81,20,80,21,80,20,60
71_vi_3_D,71_vi,3,D,3_D,86,1.532416977,93,7,71_vi_3_D,94,7,93,8,93,7,86
71_vi_3_E,71_vi,3,E,3_E,80,1.301688683,90,10,71_vi_3_E,88,12,92,8,90,10,80
71_vi_4_A,71_vi,4,A,4_A,94,2.059324464,97,3,71_vi_4_A,95,5,99,1,97,3,94
71_vi_4_B,71_vi,4,B,4_B,44,0.559521771,72,28,71_vi_4_B,71,29,73,27,72,28,44
71_vi_4_C,71_vi,4,C,4_C,50,0.650844341,75,25,71_vi_4_C,76,25,75,26,75,25,50
71_vi_4_D,71_vi,4,D,4_D,90,1.744356465,95,5,71_vi_4_D,96,5,95,6,95,5,90
71_vi_4_E,71_vi,4,E,4_E,88,1.630075694,94,6,71_vi_4_E,95,6,94,7,94,6,88
71_vi_5_A,71_vi,5,A,5_A,84,1.446905122,92,8,71_vi_5_A,93,8,92,9,92,8,84
71_vi_5_B,71_vi,5,B,5_B,40,0.50195963,70,30,71_vi_5_B,68,32,72,28,70,30,40
71_vi_5_C,71_vi,5,C,5_C,50,0.650844341,75,25,71_vi_5_C,73,27,77,23,75,25,50
71_vi_5_D,71_vi,5,D,5_D,84,1.446905122,92,8,71_vi_5_D,93,8,92,9,92,8,84
71_vi_5_E,71_vi,5,E,5_E,82,1.370652975,91,9,71_vi_5_E,92,9,91,10,91,9,82
72_i_1_A,72_i,1,A,1_A,72,1.075421434,86,14,72_i_1_A,87,14,86,15,86,14,72
72_i_1_B,72_i,1,B,1_B,44,0.559521771,72,28,72_i_1_B,73,28,72,29,72,28,44
72_i_1_C,72_i,1,C,1_C,46,0.589238334,73,27,72_i_1_C,71,29,75,25,73,27,46
72_i_1_D,72_i,1,D,1_D,78,1.238605308,89,11,72_i_1_D,87,13,91,9,89,11,78
72_i_1_E,72_i,1,E,1_E,72,1.075421434,86,14,72_i_1_E,85,15,87,13,86,14,72
72_i_2_A,72_i,2,A,2_A,82,1.370652975,91,9,72_i_2_A,92,9,91,10,91,9,82
72_i_2_B,72_i,2,B,2_B,34,0.41954586,67,33,72_i_2_B,68,33,67,34,67,33,34
72_i_2_C,72_i,2,C,2_C,34,0.41954586,67,33,72_i_2_C,68,33,67,34,67,33,34
72_i_2_D,72_i,2,D,2_D,82,1.370652975,91,9,72_i_2_D,92,9,91,10,91,9,82
72_i_2_E,72_i,2,E,2_E,80,1.301688683,90,10,72_i_2_E,88,12,92,8,90,10,80
72_i_3_A,72_i,3,A,3_A,80,1.301688683,90,10,72_i_3_A,88,12,92,8,90,10,80
72_i_3_B,72_i,3,B,3_B,32,0.392951447,66,34,72_i_3_B,67,34,66,35,66,34,32
72_i_3_C,72_i,3,C,3_C,46,0.589238334,73,27,72_i_3_C,74,27,73,28,73,27,46
72_i_3_D,72_i,3,D,3_D,74,1.126173688,87,13,72_i_3_D,88,13,87,14,87,13,74
72_i_3_E,72_i,3,E,3_E,78,1.238605308,89,11,72_i_3_E,90,11,89,12,89,11,78
72_i_4_A,72_i,4,A,4_A,80,1.301688683,90,10,72_i_4_A,88,12,92,8,90,10,80
72_i_4_B,72_i,4,B,4_B,36,0.446552544,68,32,72_i_4_B,66,34,70,30,68,32,36
72_i_4_C,72_i,4,C,4_C,46,0.589238334,73,27,72_i_4_C,72,28,74,26,73,27,46
72_i_4_D,72_i,4,D,4_D,76,1.180363548,88,12,72_i_4_D,89,12,88,13,88,12,76
72_i_4_E,72_i,4,E,4_E,78,1.238605308,89,11,72_i_4_E,90,11,89,12,89,11,78
72_i_5_A,72_i,5,A,5_A,76,1.180363548,88,12,72_i_5_A,89,12,88,13,88,12,76
72_i_5_B,72_i,5,B,5_B,30,0.366733715,65,35,72_i_5_B,66,35,65,36,65,35,30
72_i_5_C,72_i,5,C,5_C,46,0.589238334,73,27,72_i_5_C,71,29,75,25,73,27,46
72_i_5_D,72_i,5,D,5_D,72,1.075421434,86,14,72_i_5_D,84,16,88,12,86,14,72
72_i_5_E,72_i,5,E,5_E,74,1.126173688,87,13,72_i_5_E,88,13,87,14,87,13,74
73_i_1_A,73_i,1,A,1_A,84,1.447414852,92,8,73_i_1_A,90,10,94,6,92,8,84
73_i_1_B,73_i,1,B,1_B,48,0.619875227,74,26,73_i_1_B,72,28,76,24,74,26,48
73_i_1_C,73_i,1,C,1_C,50,0.651073627,75,25,73_i_1_C,76,24,74,26,75,25,50
73_i_1_D,73_i,1,D,1_D,76,1.180779378,88,12,73_i_1_D,90,10,86,14,88,12,76
73_i_1_E,73_i,1,E,1_E,80,1.302147255,90,10,73_i_1_E,92,8,88,12,90,10,80
73_i_2_A,73_i,2,A,2_A,80,1.302147255,90,10,73_i_2_A,91,9,89,11,90,10,80
73_i_2_B,73_i,2,B,2_B,36,0.44670986,68,32,73_i_2_B,68,32,68,32,68,32,36
73_i_2_C,73_i,2,C,2_C,54,0.716084799,77,23,73_i_2_C,79,21,75,25,77,23,54
73_i_2_D,73_i,2,D,2_D,80,1.302147255,90,10,73_i_2_D,91,9,89,11,90,10,80
73_i_2_E,73_i,2,E,2_E,80,1.302147255,90,10,73_i_2_E,91,10,90,11,90,10,80
73_i_3_A,73_i,3,A,3_A,64,0.89863719,82,18,73_i_3_A,84,16,80,20,82,18,64
73_i_3_B,73_i,3,B,3_B,48,0.619875227,74,26,73_i_3_B,74,26,74,26,74,26,48
73_i_3_C,73_i,3,C,3_C,38,0.474176905,69,31,73_i_3_C,70,30,68,32,69,31,38
73_i_3_D,73_i,3,D,3_D,74,1.126570428,87,13,73_i_3_D,88,12,86,14,87,13,74
73_i_3_E,73_i,3,E,3_E,78,1.239041656,89,11,73_i_3_E,88,12,90,10,89,11,78
73_i_4_A,73_i,4,A,4_A,74,1.126570428,87,13,73_i_4_A,87,13,87,13,87,13,74
73_i_4_B,73_i,4,B,4_B,44,0.559718885,72,28,73_i_4_B,73,27,71,29,72,28,44
73_i_4_C,73_i,4,C,4_C,40,0.502136465,70,30,73_i_4_C,69,31,71,29,70,30,40
73_i_4_D,73_i,4,D,4_D,74,1.126570428,87,13,73_i_4_D,88,12,86,14,87,13,74
73_i_4_E,73_i,4,E,4_E,78,1.239041656,89,11,73_i_4_E,87,13,91,9,89,11,78
73_i_5_A,73_i,5,A,5_A,80,1.302147255,90,10,73_i_5_A,89,11,91,9,90,10,80
73_i_5_B,73_i,5,B,5_B,40,0.502136465,70,30,73_i_5_B,71,30,70,31,70,30,40
73_i_5_C,73_i,5,C,5_C,50,0.651073627,75,25,73_i_5_C,76,25,75,26,75,25,50
73_i_5_D,73_i,5,D,5_D,78,1.239041656,89,11,73_i_5_D,87,13,91,9,89,11,78
73_i_5_E,73_i,5,E,5_E,76,1.180779378,88,12,73_i_5_E,86,14,90,10,88,12,76
76_vi_1_A,76_vi,1,A,1_A,74,1.126173688,87,13,76_vi_1_A,88,12,86,14,87,13,74
76_vi_1_B,76_vi,1,B,1_B,50,0.650844341,75,25,76_vi_1_B,76,25,75,26,75,25,50
76_vi_1_C,76_vi,1,C,1_C,52,0.682875064,76,24,76_vi_1_C,78,22,74,26,76,24,52
76_vi_1_D,76_vi,1,D,1_D,78,1.238605308,89,11,76_vi_1_D,90,10,88,12,89,11,78
76_vi_1_E,76_vi,1,E,1_E,80,1.301688683,90,10,76_vi_1_E,91,10,90,11,90,10,80
76_vi_2_A,76_vi,2,A,2_A,72,1.075421434,86,14,76_vi_2_A,87,13,85,15,86,14,72
76_vi_2_B,76_vi,2,B,2_B,42,0.530447043,71,29,76_vi_2_B,71,29,71,29,71,29,42
76_vi_2_C,76_vi,2,C,2_C,50,0.650844341,75,25,76_vi_2_C,77,23,73,27,75,25,50
76_vi_2_D,76_vi,2,D,2_D,74,1.126173688,87,13,76_vi_2_D,88,12,86,14,87,13,74
76_vi_2_E,76_vi,2,E,2_E,82,1.370652975,91,9,76_vi_2_E,92,9,91,10,91,9,82
76_vi_3_A,76_vi,3,A,3_A,76,1.180363548,88,12,76_vi_3_A,90,10,86,14,88,12,76
76_vi_3_B,76_vi,3,B,3_B,44,0.559521771,72,28,76_vi_3_B,72,28,72,28,72,28,44
76_vi_3_C,76_vi,3,C,3_C,50,0.650844341,75,25,76_vi_3_C,76,24,74,26,75,25,50
76_vi_3_D,76_vi,3,D,3_D,80,1.301688683,90,10,76_vi_3_D,91,9,89,11,90,10,80
76_vi_3_E,76_vi,3,E,3_E,74,1.126173688,87,13,76_vi_3_E,86,14,88,12,87,13,74
76_vi_4_A,76_vi,4,A,4_A,78,1.238605308,89,11,76_vi_4_A,89,11,89,11,89,11,78
76_vi_4_B,76_vi,4,B,4_B,42,0.530447043,71,29,76_vi_4_B,72,28,70,30,71,29,42
76_vi_4_C,76_vi,4,C,4_C,48,0.619656928,74,26,76_vi_4_C,73,27,75,25,74,26,48
76_vi_4_D,76_vi,4,D,4_D,82,1.370652975,91,9,76_vi_4_D,92,8,90,10,91,9,82
76_vi_4_E,76_vi,4,E,4_E,76,1.180363548,88,12,76_vi_4_E,86,14,90,10,88,12,76
76_vi_5_A,76_vi,5,A,5_A,70,1.027619382,85,15,76_vi_5_A,84,16,86,14,85,15,70
76_vi_5_B,76_vi,5,B,5_B,48,0.619656928,74,26,76_vi_5_B,75,26,74,27,74,26,48
76_vi_5_C,76_vi,5,C,5_C,56,0.749811199,78,22,76_vi_5_C,79,22,78,23,78,22,56
76_vi_5_D,76_vi,5,D,5_D,72,1.075421434,86,14,76_vi_5_D,84,16,88,12,86,14,72
76_vi_5_E,76_vi,5,E,5_E,74,1.126173688,87,13,76_vi_5_E,85,15,89,11,87,13,74
87_i_1_A,87_i,1,A,1_A,88,1.630075694,94,6,87_i_1_A,95,5,93,7,94,6,88
87_i_1_B,87_i,1,B,1_B,79,1.269483795,89.5,10.5,87_i_1_B,90,10,89,11,90,11,79
87_i_1_C,87_i,1,C,1_C,75,1.152803971,87.5,12.5,87_i_1_C,90,11,86,15,88,13,75
87_i_1_D,87_i,1,D,1_D,92,1.882755521,96,4,87_i_1_D,97,3,95,5,96,4,92
87_i_1_E,87_i,1,E,1_E,91,1.809884413,95.5,4.5,87_i_1_E,97,4,95,6,96,5,91
87_i_2_A,87_i,2,A,2_A,88,1.630075694,94,6,87_i_2_A,93,7,95,5,94,6,88
87_i_2_B,87_i,2,B,2_B,77,1.208933406,88.5,11.5,87_i_2_B,90,11,88,13,89,12,77
87_i_2_C,87_i,2,C,2_C,85,1.488350273,92.5,7.5,87_i_2_C,91,10,95,6,93,8,85
87_i_2_D,87_i,2,D,2_D,97,2.479052609,98.5,1.5,87_i_2_D,98,3,100,1,99,2,97
87_i_2_E,87_i,2,E,2_E,90,1.744356465,95,5,87_i_2_E,96,5,95,6,95,5,90
87_i_3_A,87_i,3,A,3_A,86,1.532416977,93,7,87_i_3_A,94,7,93,8,93,7,86
87_i_3_B,87_i,3,B,3_B,71,1.051178115,85.5,14.5,87_i_3_B,84,17,88,13,86,15,71
87_i_3_C,87_i,3,C,3_C,82,1.370652975,91,9,87_i_3_C,89,11,93,7,91,9,82
87_i_3_D,87_i,3,D,3_D,86,1.532416977,93,7,87_i_3_D,94,6,92,8,93,7,86
87_i_3_E,87_i,3,E,3_E,81,1.3353582,90.5,9.5,87_i_3_E,91,9,90,10,91,10,81
87_i_4_A,87_i,4,A,4_A,90,1.744356465,95,5,87_i_4_A,97,3,93,7,95,5,90
87_i_4_B,87_i,4,B,4_B,62,0.859020901,81,19,87_i_4_B,82,18,80,20,81,19,62
87_i_4_C,87_i,4,C,4_C,75,1.152803971,87.5,12.5,87_i_4_C,88,12,87,13,88,13,75
87_i_4_D,87_i,4,D,4_D,94,2.059324464,97,3,87_i_4_D,98,2,96,4,97,3,94
87_i_4_E,87_i,4,E,4_E,94,2.059324464,97,3,87_i_4_E,97,3,97,3,97,3,94
87_i_5_A,87_i,5,A,5_A,93,1.964940264,96.5,3.5,87_i_5_A,95,6,99,2,97,4,93
87_i_5_B,87_i,5,B,5_B,72,1.075421434,86,14,87_i_5_B,85,15,87,13,86,14,72
87_i_5_C,87_i,5,C,5_C,86,1.532416977,93,7,87_i_5_C,94,7,93,8,93,7,86
87_i_5_D,87_i,5,D,5_D,96,2.305607943,98,2,87_i_5_D,99,2,98,3,98,2,96
87_i_5_E,87_i,5,E,5_E,92,1.882755521,96,4,87_i_5_E,94,6,98,2,96,4,92
99_i_1_A,99_i,1,A,1_A,75,1.153210093,87.5,12.5,99_i_1_A,86,15,90,11,88,13,75
99_i_1_B,99_i,1,B,1_B,40,0.502136465,70,30,99_i_1_B,71,29,69,31,70,30,40
99_i_1_C,99_i,1,C,1_C,32,0.393089879,66,34,99_i_1_C,67,34,66,35,66,34,32
99_i_1_D,99_i,1,D,1_D,83,1.408257101,91.5,8.5,99_i_1_D,94,7,90,11,92,9,83
99_i_1_E,99_i,1,E,1_E,81,1.335828633,90.5,9.5,99_i_1_E,92,9,90,11,91,10,81
99_i_2_A,99_i,2,A,2_A,83,1.408257101,91.5,8.5,99_i_2_A,92,8,91,9,92,9,83
99_i_2_B,99_i,2,B,2_B,60,0.821563446,80,20,99_i_2_B,81,19,79,21,80,20,60
99_i_2_C,99_i,2,C,2_C,52,0.683115634,76,24,99_i_2_C,76,24,76,24,76,24,52
99_i_2_D,99_i,2,D,2_D,72,1.075800294,86,14,99_i_2_D,88,12,84,16,86,14,72
99_i_2_E,99_i,2,E,2_E,79,1.269931021,89.5,10.5,99_i_2_E,88,13,92,9,90,11,79
99_i_3_A,99_i,3,A,3_A,75,1.153210093,87.5,12.5,99_i_3_A,89,12,87,14,88,13,75
99_i_3_B,99_i,3,B,3_B,37,0.460384503,68.5,31.5,99_i_3_B,69,31,68,32,69,32,37
99_i_3_C,99_i,3,C,3_C,18,0.215697804,59,41,99_i_3_C,61,39,57,43,59,41,18
99_i_3_D,99_i,3,D,3_D,81,1.335828633,90.5,9.5,99_i_3_D,92,9,90,11,91,10,81
99_i_3_E,99_i,3,E,3_E,82,1.371135842,91,9,99_i_3_E,92,9,91,10,91,9,82
99_i_4_A,99_i,4,A,4_A,72,1.075800294,86,14,99_i_4_A,87,13,85,15,86,14,72
99_i_4_B,99_i,4,B,4_B,25,0.302731997,62.5,37.5,99_i_4_B,62,39,64,37,63,38,25
99_i_4_C,99_i,4,C,4_C,33,0.406342506,66.5,33.5,99_i_4_C,67,33,66,34,67,34,33
99_i_4_D,99_i,4,D,4_D,73,1.100788513,86.5,13.5,99_i_4_D,89,12,85,16,87,14,73
99_i_4_E,99_i,4,E,4_E,73,1.100788513,86.5,13.5,99_i_4_E,88,13,86,15,87,14,73
99_i_5_A,99_i,5,A,5_A,80,1.302147255,90,10,99_i_5_A,91,10,90,11,90,10,80
99_i_5_B,99_i,5,B,5_B,21,0.252664645,60.5,39.5,99_i_5_B,61,39,60,40,61,40,21
99_i_5_C,99_i,5,C,5_C,41,0.516314959,70.5,29.5,99_i_5_C,69,32,73,28,71,30,41
99_i_5_D,99_i,5,D,5_D,63,0.878774984,81.5,18.5,99_i_5_D,80,21,84,17,82,19,63
99_i_5_E,99_i,5,E,5_E,68,0.982720273,84,16,99_i_5_E,85,15,83,17,84,16,68
99_vi_1_A,99_vi,1,A,1_A,86,1.532956832,93,7,99_vi_1_A,94,7,93,8,93,7,86
99_vi_1_B,99_vi,1,B,1_B,50,0.651073627,75,25,99_vi_1_B,77,23,73,27,75,25,50
99_vi_1_C,99_vi,1,C,1_C,56,0.75007535,78,22,99_vi_1_C,79,21,77,23,78,22,56
99_vi_1_D,99_vi,1,D,1_D,68,0.982720273,84,16,99_vi_1_D,85,15,83,17,84,16,68
99_vi_1_E,99_vi,1,E,1_E,86,1.532956832,93,7,99_vi_1_E,92,8,94,6,93,7,86
99_vi_2_A,99_vi,2,A,2_A,76,1.180779378,88,12,99_vi_2_A,89,11,87,13,88,12,76
99_vi_2_B,99_vi,2,B,2_B,30,0.366862912,65,35,99_vi_2_B,63,37,67,33,65,35,30
99_vi_2_C,99_vi,2,C,2_C,40,0.502136465,70,30,99_vi_2_C,69,31,71,29,70,30,40
99_vi_2_D,99_vi,2,D,2_D,74,1.126570428,87,13,99_vi_2_D,88,13,87,14,87,13,74
99_vi_2_E,99_vi,2,E,2_E,82,1.371135842,91,9,99_vi_2_E,92,9,91,10,91,9,82
99_vi_3_A,99_vi,3,A,3_A,76,1.180779378,88,12,99_vi_3_A,86,14,90,10,88,12,76
99_vi_3_B,99_vi,3,B,3_B,38,0.474176905,69,31,99_vi_3_B,67,33,71,29,69,31,38
99_vi_3_C,99_vi,3,C,3_C,30,0.366862912,65,35,99_vi_3_C,66,34,64,36,65,35,30
99_vi_3_D,99_vi,3,D,3_D,78,1.239041656,89,11,99_vi_3_D,90,11,89,12,89,11,78
99_vi_3_E,99_vi,3,E,3_E,70,1.027981402,85,15,99_vi_3_E,87,13,83,17,85,15,70
99_vi_4_A,99_vi,4,A,4_A,80,1.302147255,90,10,99_vi_4_A,91,9,89,11,90,10,80
99_vi_4_B,99_vi,4,B,4_B,36,0.44670986,68,32,99_vi_4_B,69,32,68,33,68,32,36
99_vi_4_C,99_vi,4,C,4_C,52,0.683115634,76,24,99_vi_4_C,77,23,75,25,76,24,52
99_vi_4_D,99_vi,4,D,4_D,72,1.075800294,86,14,99_vi_4_D,86,14,86,14,86,14,72
99_vi_4_E,99_vi,4,E,4_E,70,1.027981402,85,15,99_vi_4_E,83,17,87,13,85,15,70
99_vi_5_A,99_vi,5,A,5_A,82,1.371135842,91,9,99_vi_5_A,90,10,92,8,91,9,82
99_vi_5_B,99_vi,5,B,5_B,28,0.340979638,64,36,99_vi_5_B,65,36,64,37,64,36,28
99_vi_5_C,99_vi,5,C,5_C,48,0.619875227,74,26,99_vi_5_C,75,26,74,27,74,26,48
99_vi_5_D,99_vi,5,D,5_D,74,1.126570428,87,13,99_vi_5_D,85,15,89,11,87,13,74
99_vi_5_E,99_vi,5,E,5_E,70,1.027981402,85,15,99_vi_5_E,83,17,87,13,85,15,70
